datetime	C1	C2	C3	C4	C5	T1	T2	T3	T4	T5	AP
24/06/2008 10:30	9.08	9.31	8.78	9.67	9.45	11.16	10.45	10.77	10.34	10.75	914.648776
24/06/2008 10:35	9.23	9.35	8.92	9.69	9.50	10.48	10.23	10.41	10.29	10.58	914.7167704
24/06/2008 10:40	9.32	9.38	9.03	9.70	9.56	10.20	10.15	10.27	10.32	10.53	914.7834316
24/06/2008 10:45	9.38	9.40	9.09	9.71	9.59	10.10	10.13	10.24	10.39	10.56	914.8447599
24/06/2008 10:50	9.41	9.41	9.13	9.71	9.63	10.09	10.14	10.26	10.44	10.59	914.8967556
24/06/2008 10:55	9.43	9.41	9.16	9.70	9.62	10.11	10.19	10.29	10.52	10.66	914.940752
24/06/2008 11:00	9.42	9.41	9.19	9.70	9.61	10.13	10.25	10.33	10.58	10.74	914.9714161
24/06/2008 11:05	9.42	9.42	9.22	9.70	9.60	10.16	10.31	10.37	10.65	10.82	914.9914145
24/06/2008 11:10	9.42	9.41	9.24	9.69	9.58	10.18	10.36	10.40	10.66	10.88	915.000747
24/06/2008 11:15	9.43	9.40	9.26	9.68	9.58	10.20	10.38	10.45	10.68	10.92	915.0060799
24/06/2008 11:20	9.42	9.39	9.28	9.68	9.57	10.21	10.41	10.49	10.71	10.95	915.0087464
24/06/2008 11:25	9.42	9.39	9.30	9.68	9.57	10.22	10.43	10.54	10.77	10.99	915.0154125
24/06/2008 11:30	9.42	9.39	9.33	9.67	9.56	10.24	10.44	10.59	10.80	11.01	915.0247451
24/06/2008 11:35	9.42	9.39	9.35	9.67	9.57	10.26	10.47	10.64	10.87	11.06	915.0354109
24/06/2008 11:40	9.41	9.40	9.37	9.67	9.58	10.29	10.52	10.69	10.98	11.14	915.0434102
24/06/2008 11:45	9.39	9.39	9.40	9.66	9.59	10.33	10.59	10.75	11.05	11.23	915.0514095
24/06/2008 11:50	9.39	9.39	9.42	9.65	9.58	10.37	10.63	10.80	11.08	11.31	915.0594089
24/06/2008 11:55	9.40	9.37	9.43	9.63	9.55	10.40	10.68	10.85	11.12	11.40	915.0687414
24/06/2008 12:00	9.40	9.36	9.45	9.62	9.53	10.43	10.73	10.90	11.20	11.47	915.0820737
24/06/2008 12:05	9.39	9.35	9.46	9.60	9.51	10.46	10.74	10.93	11.21	11.51	915.0954059
24/06/2008 12:10	9.38	9.34	9.47	9.60	9.50	10.47	10.73	10.96	11.20	11.51	915.1007388
24/06/2008 12:15	9.37	9.34	9.47	9.60	9.50	10.48	10.75	10.99	11.24	11.53	915.0967391
24/06/2008 12:20	9.37	9.34	9.48	9.60	9.50	10.51	10.77	11.04	11.31	11.57	915.078074
24/06/2008 12:25	9.37	9.34	9.48	9.59	9.50	10.55	10.82	11.08	11.41	11.64	915.0487431
24/06/2008 12:30	9.37	9.34	9.47	9.58	9.48	10.61	10.85	11.13	11.45	11.71	915.0114128
24/06/2008 12:35	9.36	9.34	9.47	9.57	9.48	10.66	10.91	11.19	11.49	11.81	914.9727493
24/06/2008 12:40	9.34	9.33	9.47	9.56	9.47	10.70	10.97	11.24	11.57	11.89	914.9354191
24/06/2008 12:45	9.33	9.32	9.46	9.55	9.47	10.76	11.04	11.30	11.63	11.97	914.899422
24/06/2008 12:50	9.32	9.31	9.46	9.55	9.46	10.78	11.10	11.36	11.69	12.04	914.8660914
24/06/2008 12:55	9.31	9.30	9.45	9.54	9.45	10.81	11.14	11.41	11.75	12.12	914.8327609
24/06/2008 13:00	9.31	9.29	9.44	9.54	9.44	10.85	11.19	11.47	11.81	12.20	914.8007635
24/06/2008 13:05	9.31	9.28	9.43	9.53	9.42	10.90	11.25	11.52	11.88	12.27	914.774099
24/06/2008 13:10	9.32	9.28	9.42	9.53	9.41	10.94	11.26	11.55	11.89	12.30	914.7554339
24/06/2008 13:15	9.32	9.28	9.42	9.52	9.40	10.97	11.29	11.59	11.91	12.32	914.7434349
24/06/2008 13:20	9.31	9.28	9.41	9.52	9.40	10.99	11.32	11.60	11.95	12.33	914.7314359
24/06/2008 13:25	9.30	9.28	9.41	9.52	9.40	11.03	11.36	11.64	11.99	12.37	914.7127707
24/06/2008 13:30	9.30	9.29	9.41	9.53	9.40	11.07	11.40	11.68	12.08	12.43	914.6861063
24/06/2008 13:35	9.30	9.29	9.41	9.53	9.40	11.12	11.45	11.73	12.12	12.50	914.6554421
24/06/2008 13:40	9.30	9.29	9.41	9.53	9.39	11.17	11.47	11.75	12.18	12.57	914.6314441
24/06/2008 13:45	9.30	9.27	9.40	9.51	9.37	11.21	11.48	11.77	12.15	12.60	914.6207783
24/06/2008 13:50	9.29	9.26	9.39	9.50	9.35	11.22	11.47	11.80	12.11	12.58	914.6274444
24/06/2008 13:55	9.28	9.26	9.39	9.49	9.36	11.21	11.51	11.82	12.14	12.57	914.6447763
24/06/2008 14:00	9.27	9.27	9.39	9.50	9.38	11.22	11.61	11.87	12.25	12.60	914.6594418
24/06/2008 14:05	9.27	9.26	9.38	9.49	9.38	11.27	11.68	11.93	12.34	12.65	914.6621082
24/06/2008 14:10	9.26	9.23	9.36	9.47	9.35	11.32	11.69	11.95	12.36	12.68	914.6407766
24/06/2008 14:15	9.25	9.20	9.33	9.44	9.31	11.37	11.62	11.96	12.27	12.69	914.595447
24/06/2008 14:20	9.22	9.17	9.29	9.41	9.27	11.38	11.58	11.94	12.23	12.65	914.5301191
24/06/2008 14:25	9.18	9.14	9.26	9.39	9.25	11.37	11.55	11.91	12.21	12.58	914.4541253
24/06/2008 14:30	9.16	9.11	9.24	9.37	9.26	11.36	11.53	11.88	12.16	12.52	914.3781316
24/06/2008 14:35	9.14	9.09	9.22	9.34	9.24	11.37	11.50	11.85	12.16	12.46	914.3101372
24/06/2008 14:40	9.14	9.08	9.21	9.32	9.23	11.36	11.46	11.81	12.08	12.42	914.2541418
24/06/2008 14:45	9.14	9.08	9.21	9.33	9.23	11.37	11.43	11.78	12.05	12.38	914.2074789
24/06/2008 14:50	9.16	9.10	9.23	9.36	9.26	11.37	11.41	11.79	12.08	12.38	914.1648158
24/06/2008 14:55	9.19	9.14	9.27	9.39	9.29	11.40	11.43	11.81	12.15	12.43	914.1154865
24/06/2008 15:00	9.22	9.18	9.30	9.41	9.32	11.43	11.48	11.84	12.24	12.50	914.040826
24/06/2008 15:05	9.24	9.21	9.32	9.42	9.34	11.48	11.54	11.88	12.29	12.59	913.939501
24/06/2008 15:10	9.23	9.22	9.32	9.41	9.33	11.51	11.56	11.88	12.28	12.67	913.8128447
24/06/2008 15:15	9.22	9.22	9.31	9.41	9.31	11.52	11.58	11.87	12.21	12.68	913.6781891
24/06/2008 15:20	9.20	9.22	9.31	9.42	9.29	11.52	11.63	11.86	12.19	12.63	913.5635319
24/06/2008 15:25	9.20	9.22	9.32	9.43	9.30	11.51	11.69	11.85	12.22	12.60	913.4888714
24/06/2008 15:30	9.20	9.21	9.33	9.44	9.30	11.55	11.73	11.87	12.18	12.58	913.4742059
24/06/2008 15:35	9.20	9.19	9.33	9.44	9.31	11.58	11.77	11.89	12.16	12.55	913.510203
24/06/2008 15:40	9.19	9.18	9.33	9.44	9.31	11.59	11.80	11.93	12.21	12.51	913.5848635
24/06/2008 15:45	9.18	9.16	9.32	9.44	9.33	11.59	11.80	11.97	12.26	12.48	913.6728563
24/06/2008 15:50	9.17	9.15	9.30	9.43	9.34	11.61	11.77	11.98	12.30	12.53	913.7475168
24/06/2008 15:55	9.17	9.14	9.28	9.41	9.34	11.60	11.74	11.99	12.26	12.57	913.8021789
24/06/2008 16:00	9.18	9.14	9.27	9.40	9.32	11.62	11.74	12.00	12.26	12.57	913.8208441
24/06/2008 16:05	9.18	9.15	9.26	9.40	9.32	11.64	11.76	12.02	12.33	12.59	913.814178
24/06/2008 16:10	9.18	9.16	9.27	9.40	9.33	11.69	11.77	12.04	12.41	12.64	913.7795141
24/06/2008 16:15	9.17	9.17	9.27	9.39	9.33	11.70	11.78	12.05	12.42	12.69	913.7315181
24/06/2008 16:20	9.17	9.17	9.27	9.39	9.31	11.71	11.76	12.05	12.38	12.72	913.6808556
24/06/2008 16:25	9.17	9.17	9.27	9.39	9.30	11.71	11.77	12.06	12.39	12.74	913.6341928
24/06/2008 16:30	9.17	9.16	9.26	9.39	9.30	11.69	11.80	12.06	12.43	12.77	913.6021954
24/06/2008 16:35	9.17	9.15	9.26	9.39	9.29	11.70	11.82	12.06	12.44	12.79	913.5875299
24/06/2008 16:40	9.16	9.14	9.26	9.38	9.29	11.70	11.85	12.06	12.42	12.81	913.5861967
24/06/2008 16:45	9.16	9.13	9.25	9.38	9.28	11.71	11.85	12.06	12.42	12.83	913.5901964
24/06/2008 16:50	9.16	9.12	9.23	9.37	9.28	11.71	11.88	12.06	12.41	12.83	913.5928628
24/06/2008 16:55	9.15	9.11	9.22	9.36	9.27	11.71	11.88	12.06	12.40	12.83	913.5888632
24/06/2008 17:00	9.15	9.09	9.21	9.35	9.26	11.69	11.87	12.07	12.39	12.80	913.582197
24/06/2008 17:05	9.15	9.09	9.20	9.34	9.25	11.66	11.85	12.07	12.37	12.78	913.582197
24/06/2008 17:10	9.15	9.08	9.19	9.33	9.25	11.65	11.84	12.07	12.40	12.75	913.6035286
24/06/2008 17:15	9.16	9.08	9.19	9.33	9.25	11.64	11.82	12.08	12.39	12.72	913.6501914
24/06/2008 17:20	9.15	9.08	9.18	9.31	9.24	11.64	11.82	12.07	12.40	12.71	913.7208523
24/06/2008 17:25	9.15	9.08	9.18	9.31	9.24	11.63	11.81	12.07	12.37	12.69	913.8021789
24/06/2008 17:30	9.15	9.08	9.17	9.30	9.23	11.62	11.79	12.06	12.36	12.67	913.8701734
24/06/2008 17:35	9.14	9.08	9.17	9.29	9.23	11.62	11.76	12.05	12.32	12.64	913.9128365
24/06/2008 17:40	9.13	9.08	9.16	9.28	9.20	11.60	11.72	12.03	12.28	12.60	913.915503
24/06/2008 17:45	9.13	9.08	9.15	9.28	9.20	11.60	11.68	12.02	12.28	12.57	913.8901717
24/06/2008 17:50	9.13	9.07	9.15	9.28	9.19	11.60	11.66	12.00	12.29	12.53	913.8475086
24/06/2008 17:55	9.13	9.06	9.14	9.27	9.19	11.59	11.63	11.97	12.28	12.51	913.8061786
24/06/2008 18:00	9.12	9.05	9.13	9.26	9.18	11.58	11.60	11.95	12.23	12.49	913.7768477
24/06/2008 18:05	9.11	9.04	9.12	9.25	9.16	11.57	11.57	11.92	12.19	12.46	913.760849
24/06/2008 18:10	9.11	9.03	9.11	9.23	9.14	11.56	11.53	11.88	12.15	12.42	913.7595158
24/06/2008 18:15	9.11	9.02	9.11	9.22	9.13	11.54	11.50	11.85	12.08	12.37	913.7675151
24/06/2008 18:20	9.10	9.02	9.11	9.22	9.14	11.52	11.47	11.82	12.06	12.33	913.7835138
24/06/2008 18:25	9.10	9.02	9.11	9.22	9.13	11.50	11.46	11.79	12.06	12.29	913.8048454
24/06/2008 18:30	9.09	9.01	9.11	9.21	9.13	11.48	11.42	11.76	11.99	12.24	913.8328431
24/06/2008 18:35	9.09	9.00	9.10	9.20	9.11	11.47	11.40	11.72	11.96	12.20	913.8688401
24/06/2008 18:40	9.08	9.00	9.10	9.20	9.12	11.45	11.38	11.69	11.91	12.15	913.9168362
24/06/2008 18:45	9.09	9.01	9.10	9.21	9.12	11.43	11.36	11.66	11.89	12.12	913.9741648
24/06/2008 18:50	9.10	9.02	9.10	9.22	9.13	11.42	11.35	11.63	11.87	12.09	914.0434924
24/06/2008 18:55	9.10	9.02	9.11	9.23	9.14	11.41	11.33	11.61	11.85	12.07	914.1194862
24/06/2008 19:00	9.10	9.01	9.11	9.22	9.13	11.40	11.31	11.59	11.82	12.04	914.1954799
24/06/2008 19:05	9.10	9.01	9.10	9.21	9.12	11.39	11.30	11.56	11.79	12.02	914.2648076
24/06/2008 19:10	9.10	9.01	9.09	9.21	9.11	11.38	11.28	11.55	11.75	11.98	914.320803
24/06/2008 19:15	9.09	9.01	9.09	9.20	9.11	11.38	11.26	11.53	11.72	11.95	914.3607997
24/06/2008 19:20	9.08	9.00	9.09	9.19	9.10	11.37	11.23	11.52	11.71	11.91	914.3874641
24/06/2008 19:25	9.08	8.99	9.08	9.18	9.11	11.36	11.22	11.50	11.69	11.87	914.4061293
24/06/2008 19:30	9.08	8.98	9.08	9.17	9.10	11.35	11.19	11.47	11.69	11.84	914.4247944
24/06/2008 19:35	9.08	8.98	9.07	9.16	9.09	11.34	11.18	11.45	11.66	11.81	914.4434595
24/06/2008 19:40	9.08	8.97	9.07	9.15	9.09	11.33	11.16	11.43	11.63	11.79	914.4647911
24/06/2008 19:45	9.08	8.97	9.06	9.15	9.07	11.32	11.14	11.41	11.60	11.77	914.4807898
24/06/2008 19:50	9.07	8.96	9.06	9.14	9.06	11.31	11.11	11.39	11.57	11.74	914.4887891
24/06/2008 19:55	9.06	8.95	9.06	9.13	9.05	11.29	11.10	11.36	11.56	11.71	914.4847895
24/06/2008 20:00	9.06	8.95	9.05	9.12	9.05	11.28	11.08	11.34	11.54	11.68	914.4647911
24/06/2008 20:05	9.06	8.94	9.05	9.11	9.04	11.27	11.06	11.32	11.50	11.65	914.4354602
24/06/2008 20:10	9.06	8.94	9.04	9.10	9.04	11.26	11.04	11.30	11.47	11.63	914.3967967
24/06/2008 20:15	9.06	8.94	9.04	9.09	9.05	11.25	11.02	11.28	11.43	11.60	914.3554668
24/06/2008 20:20	9.05	8.93	9.04	9.08	9.04	11.23	11.00	11.26	11.41	11.57	914.3181365
24/06/2008 20:25	9.05	8.93	9.03	9.08	9.02	11.22	10.99	11.24	11.38	11.53	914.2848059
24/06/2008 20:30	9.06	8.92	9.03	9.07	9.00	11.21	10.97	11.22	11.35	11.50	914.255475
24/06/2008 20:35	9.06	8.91	9.03	9.06	8.99	11.19	10.95	11.20	11.33	11.47	914.231477
24/06/2008 20:40	9.06	8.91	9.03	9.05	8.99	11.18	10.93	11.18	11.31	11.44	914.2128118
24/06/2008 20:45	9.06	8.91	9.02	9.04	8.98	11.16	10.91	11.16	11.29	11.41	914.1968132
24/06/2008 20:50	9.06	8.90	9.02	9.03	8.98	11.15	10.90	11.14	11.26	11.38	914.1861474
24/06/2008 20:55	9.06	8.90	9.02	9.02	8.97	11.13	10.88	11.12	11.25	11.36	914.1728151
24/06/2008 21:00	9.06	8.89	9.01	9.02	8.97	11.11	10.86	11.10	11.23	11.34	914.15415
24/06/2008 21:05	9.06	8.89	9.01	9.01	8.96	11.10	10.85	11.09	11.20	11.31	914.1261523
24/06/2008 21:10	9.06	8.89	9.01	9.01	8.96	11.08	10.83	11.07	11.18	11.29	914.0874888
24/06/2008 21:15	9.06	8.89	9.01	9.00	8.95	11.07	10.82	11.06	11.16	11.27	914.0421592
24/06/2008 21:20	9.05	8.89	9.00	8.99	8.94	11.05	10.80	11.04	11.15	11.25	913.9901635
24/06/2008 21:25	9.06	8.89	9.00	8.99	8.94	11.04	10.79	11.02	11.13	11.22	913.9355013
24/06/2008 21:30	9.06	8.89	9.00	8.99	8.93	11.02	10.77	11.00	11.11	11.20	913.8755063
24/06/2008 21:35	9.07	8.88	9.00	8.98	8.92	11.00	10.75	10.99	11.09	11.18	913.8115115
24/06/2008 21:40	9.07	8.88	9.00	8.98	8.92	10.99	10.73	10.97	11.08	11.16	913.7461836
24/06/2008 21:45	9.06	8.88	9.00	8.98	8.92	10.97	10.72	10.95	11.06	11.14	913.6821888
24/06/2008 21:50	9.06	8.88	9.00	8.98	8.93	10.96	10.70	10.94	11.04	11.12	913.6275266
24/06/2008 21:55	9.07	8.89	9.00	8.98	8.93	10.94	10.68	10.92	11.02	11.10	913.5875299
24/06/2008 22:00	9.07	8.89	9.00	8.98	8.94	10.92	10.66	10.90	11.00	11.08	913.5648651
24/06/2008 22:05	9.08	8.89	9.01	8.98	8.93	10.90	10.65	10.89	10.98	11.06	913.5541993
24/06/2008 22:10	9.08	8.89	9.01	8.99	8.95	10.88	10.63	10.87	10.97	11.04	913.5541993
24/06/2008 22:15	9.08	8.90	9.01	8.99	8.95	10.86	10.61	10.85	10.95	11.02	913.5568658
24/06/2008 22:20	9.09	8.90	9.01	9.00	8.96	10.84	10.59	10.83	10.93	11.00	913.5608655
24/06/2008 22:25	9.08	8.90	9.01	9.00	8.96	10.83	10.57	10.81	10.91	10.99	913.5635319
24/06/2008 22:30	9.10	8.90	9.02	9.00	8.95	10.81	10.56	10.80	10.89	10.97	913.5648651
24/06/2008 22:35	9.10	8.91	9.02	9.01	8.95	10.79	10.54	10.78	10.88	10.95	913.5675316
24/06/2008 22:40	9.12	8.91	9.03	9.01	8.95	10.77	10.53	10.77	10.86	10.93	913.5688648
24/06/2008 22:45	9.12	8.92	9.03	9.01	8.95	10.75	10.51	10.75	10.84	10.92	913.5688648
24/06/2008 22:50	9.13	8.92	9.04	9.02	8.96	10.73	10.50	10.73	10.83	10.90	913.5661984
24/06/2008 22:55	9.12	8.92	9.04	9.02	8.96	10.71	10.48	10.72	10.81	10.89	913.5568658
24/06/2008 23:00	9.12	8.92	9.04	9.02	8.97	10.69	10.47	10.70	10.79	10.88	913.5408671
24/06/2008 23:05	9.12	8.93	9.04	9.03	8.97	10.67	10.45	10.69	10.78	10.86	913.5195355
24/06/2008 23:10	9.13	8.93	9.05	9.03	8.98	10.66	10.44	10.67	10.76	10.84	913.4928711
24/06/2008 23:15	9.13	8.93	9.05	9.03	8.98	10.64	10.42	10.66	10.75	10.82	913.4635401
24/06/2008 23:20	9.13	8.94	9.05	9.04	8.99	10.63	10.41	10.64	10.73	10.81	913.4342092
24/06/2008 23:25	9.14	8.94	9.06	9.04	9.00	10.61	10.40	10.63	10.72	10.79	913.4075447
24/06/2008 23:30	9.13	8.94	9.06	9.05	9.00	10.59	10.38	10.62	10.71	10.78	913.3875464
24/06/2008 23:35	9.14	8.94	9.06	9.05	9.00	10.57	10.36	10.60	10.70	10.77	913.379547
24/06/2008 23:40	9.14	8.95	9.07	9.05	9.00	10.56	10.35	10.59	10.68	10.76	913.3848799
24/06/2008 23:45	9.15	8.95	9.07	9.05	9.00	10.54	10.33	10.57	10.66	10.74	913.4035451
24/06/2008 23:50	9.14	8.95	9.07	9.06	9.00	10.52	10.31	10.56	10.65	10.73	913.4302095
24/06/2008 23:55	9.16	8.96	9.08	9.06	9.00	10.51	10.30	10.55	10.64	10.72	913.4608737
25/06/2008 00:00	9.15	8.96	9.08	9.06	8.99	10.50	10.29	10.53	10.62	10.70	913.4875382
25/06/2008 00:05	9.16	8.96	9.08	9.06	9.00	10.49	10.28	10.51	10.60	10.68	913.5048701
25/06/2008 00:10	9.15	8.96	9.08	9.07	9.01	10.48	10.27	10.50	10.59	10.66	913.5075365
25/06/2008 00:15	9.16	8.97	9.09	9.07	9.02	10.47	10.25	10.48	10.57	10.64	913.4955375
25/06/2008 00:20	9.17	8.97	9.09	9.08	9.02	10.46	10.24	10.47	10.56	10.63	913.468873
25/06/2008 00:25	9.17	8.97	9.09	9.08	9.01	10.45	10.22	10.46	10.54	10.61	913.4355424
25/06/2008 00:30	9.17	8.97	9.10	9.08	9.01	10.43	10.21	10.44	10.53	10.60	913.4022118
25/06/2008 00:35	9.17	8.98	9.10	9.08	9.01	10.42	10.20	10.43	10.51	10.58	913.3755474
25/06/2008 00:40	9.17	8.98	9.10	9.09	9.02	10.41	10.18	10.42	10.50	10.56	913.3568822
25/06/2008 00:45	9.18	8.98	9.10	9.09	9.02	10.40	10.17	10.40	10.49	10.54	913.3408836
25/06/2008 00:50	9.18	8.98	9.10	9.10	9.04	10.38	10.16	10.39	10.47	10.53	913.3288845
25/06/2008 00:55	9.18	8.98	9.11	9.10	9.04	10.37	10.14	10.37	10.46	10.52	913.3208852
25/06/2008 01:00	9.18	8.98	9.11	9.10	9.04	10.36	10.13	10.36	10.44	10.51	913.3182188
25/06/2008 01:05	9.17	8.99	9.11	9.10	9.04	10.34	10.12	10.35	10.43	10.49	913.3235516
25/06/2008 01:10	9.18	8.99	9.12	9.10	9.05	10.33	10.11	10.33	10.41	10.48	913.3302178
25/06/2008 01:15	9.18	8.99	9.12	9.11	9.06	10.32	10.10	10.32	10.40	10.47	913.3342174
25/06/2008 01:20	9.19	9.00	9.12	9.11	9.07	10.31	10.09	10.31	10.39	10.45	913.3288845
25/06/2008 01:25	9.18	8.99	9.12	9.11	9.07	10.30	10.08	10.30	10.38	10.44	913.3142191
25/06/2008 01:30	9.19	9.00	9.13	9.11	9.06	10.29	10.07	10.28	10.36	10.43	913.2902211
25/06/2008 01:35	9.20	9.00	9.13	9.12	9.06	10.28	10.05	10.27	10.35	10.41	913.2608901
25/06/2008 01:40	9.20	9.00	9.13	9.12	9.05	10.27	10.04	10.26	10.34	10.40	913.2288928
25/06/2008 01:45	9.19	9.00	9.13	9.12	9.06	10.26	10.03	10.25	10.33	10.39	913.2008951
25/06/2008 01:50	9.19	9.01	9.14	9.13	9.07	10.25	10.02	10.24	10.31	10.38	913.1808967
25/06/2008 01:55	9.20	9.01	9.14	9.13	9.08	10.23	10.01	10.23	10.30	10.36	913.1728974
25/06/2008 02:00	9.20	9.01	9.14	9.13	9.08	10.22	10.00	10.21	10.29	10.35	913.1848964
25/06/2008 02:05	9.20	9.01	9.15	9.13	9.08	10.21	9.99	10.20	10.28	10.33	913.2102276
25/06/2008 02:10	9.20	9.01	9.15	9.14	9.09	10.21	9.98	10.19	10.27	10.32	913.2488911
25/06/2008 02:15	9.20	9.01	9.15	9.14	9.09	10.20	9.97	10.18	10.25	10.31	913.2862214
25/06/2008 02:20	9.21	9.01	9.15	9.14	9.08	10.19	9.96	10.17	10.24	10.30	913.3155523
25/06/2008 02:25	9.22	9.02	9.15	9.14	9.08	10.18	9.95	10.16	10.23	10.29	913.3302178
25/06/2008 02:30	9.22	9.02	9.16	9.15	9.09	10.17	9.94	10.14	10.21	10.27	913.3302178
25/06/2008 02:35	9.22	9.02	9.16	9.15	9.08	10.16	9.93	10.13	10.20	10.26	913.3248849
25/06/2008 02:40	9.21	9.02	9.16	9.15	9.10	10.15	9.92	10.13	10.19	10.24	913.3235516
25/06/2008 02:45	9.22	9.02	9.16	9.15	9.09	10.14	9.91	10.11	10.18	10.23	913.3342174
25/06/2008 02:50	9.21	9.02	9.17	9.15	9.10	10.13	9.90	10.10	10.17	10.22	913.3582155
25/06/2008 02:55	9.21	9.03	9.17	9.16	9.08	10.12	9.89	10.09	10.16	10.21	913.3902128
25/06/2008 03:00	9.20	9.03	9.17	9.16	9.09	10.11	9.88	10.08	10.15	10.20	913.4222102
25/06/2008 03:05	9.20	9.03	9.17	9.17	9.10	10.09	9.87	10.07	10.14	10.18	913.4462082
25/06/2008 03:10	9.21	9.04	9.17	9.17	9.11	10.08	9.86	10.06	10.13	10.17	913.4595405
25/06/2008 03:15	9.22	9.04	9.18	9.17	9.11	10.07	9.84	10.05	10.12	10.16	913.4648734
25/06/2008 03:20	9.23	9.04	9.18	9.17	9.11	10.06	9.84	10.04	10.11	10.15	913.4635401
25/06/2008 03:25	9.23	9.04	9.18	9.17	9.10	10.05	9.83	10.03	10.10	10.14	913.4622069
25/06/2008 03:30	9.24	9.04	9.18	9.18	9.10	10.04	9.82	10.02	10.08	10.13	913.4648734
25/06/2008 03:35	9.24	9.04	9.18	9.18	9.11	10.03	9.81	10.01	10.07	10.12	913.4728727
25/06/2008 03:40	9.23	9.04	9.18	9.18	9.11	10.02	9.80	10.00	10.06	10.11	913.4888714
25/06/2008 03:45	9.23	9.05	9.19	9.18	9.11	10.01	9.79	9.99	10.05	10.10	913.510203
25/06/2008 03:50	9.23	9.05	9.19	9.19	9.12	10.00	9.78	9.98	10.04	10.09	913.5315345
25/06/2008 03:55	9.24	9.05	9.19	9.19	9.11	10.00	9.78	9.97	10.03	10.08	913.5501997
25/06/2008 04:00	9.23	9.05	9.20	9.19	9.11	9.99	9.77	9.96	10.02	10.07	913.5608655
25/06/2008 04:05	9.24	9.06	9.20	9.19	9.13	9.98	9.76	9.95	10.02	10.06	913.5661984
25/06/2008 04:10	9.24	9.06	9.20	9.19	9.14	9.97	9.75	9.95	10.01	10.05	913.5675316
25/06/2008 04:15	9.25	9.06	9.20	9.19	9.13	9.96	9.75	9.94	10.01	10.04	913.5648651
25/06/2008 04:20	9.24	9.06	9.20	9.20	9.12	9.95	9.74	9.93	10.00	10.03	913.5621987
25/06/2008 04:25	9.25	9.06	9.20	9.20	9.13	9.94	9.74	9.93	9.99	10.03	913.5621987
25/06/2008 04:30	9.25	9.06	9.20	9.20	9.13	9.93	9.73	9.92	9.99	10.02	913.5648651
25/06/2008 04:35	9.26	9.06	9.21	9.21	9.13	9.93	9.72	9.91	9.98	10.01	913.5741977
25/06/2008 04:40	9.26	9.06	9.21	9.21	9.14	9.92	9.72	9.90	9.97	10.01	913.5901964
25/06/2008 04:45	9.26	9.06	9.21	9.21	9.14	9.91	9.71	9.90	9.97	10.00	913.6088615
25/06/2008 04:50	9.25	9.06	9.22	9.21	9.14	9.90	9.71	9.89	9.96	9.99	913.6301931
25/06/2008 04:55	9.24	9.06	9.22	9.21	9.13	9.90	9.70	9.88	9.95	9.99	913.6488582
25/06/2008 05:00	9.24	9.07	9.22	9.21	9.13	9.89	9.69	9.88	9.94	9.98	913.6648569
25/06/2008 05:05	9.25	9.07	9.22	9.21	9.14	9.88	9.68	9.87	9.94	9.97	913.6795224
25/06/2008 05:10	9.26	9.08	9.22	9.22	9.15	9.87	9.68	9.86	9.93	9.96	913.6955211
25/06/2008 05:15	9.27	9.07	9.22	9.22	9.15	9.86	9.67	9.86	9.92	9.95	913.7155194
25/06/2008 05:20	9.27	9.07	9.23	9.22	9.15	9.85	9.66	9.85	9.91	9.94	913.7341845
25/06/2008 05:25	9.28	9.07	9.23	9.23	9.15	9.84	9.65	9.84	9.91	9.94	913.7515164
25/06/2008 05:30	9.28	9.08	9.23	9.23	9.15	9.84	9.65	9.83	9.90	9.93	913.7675151
25/06/2008 05:35	9.28	9.08	9.23	9.23	9.16	9.83	9.64	9.83	9.89	9.92	913.7835138
25/06/2008 05:40	9.27	9.09	9.24	9.24	9.18	9.82	9.63	9.82	9.88	9.91	913.8021789
25/06/2008 05:45	9.27	9.09	9.24	9.25	9.18	9.81	9.62	9.81	9.87	9.90	913.8235105
25/06/2008 05:50	9.28	9.09	9.25	9.26	9.18	9.80	9.61	9.80	9.87	9.90	913.8448421
25/06/2008 05:55	9.28	9.09	9.25	9.27	9.18	9.79	9.61	9.79	9.86	9.89	913.862174
25/06/2008 06:00	9.28	9.10	9.26	9.28	9.19	9.78	9.60	9.79	9.85	9.88	913.8701734
25/06/2008 06:05	9.28	9.11	9.26	9.29	9.20	9.78	9.59	9.78	9.84	9.87	913.8675069
25/06/2008 06:10	9.29	9.12	9.27	9.30	9.22	9.77	9.58	9.77	9.84	9.86	913.8541747
25/06/2008 06:15	9.30	9.12	9.28	9.32	9.23	9.76	9.58	9.76	9.83	9.86	913.8328431
25/06/2008 06:20	9.31	9.13	9.28	9.33	9.25	9.76	9.57	9.76	9.83	9.85	913.8061786
25/06/2008 06:25	9.32	9.14	9.29	9.34	9.25	9.75	9.57	9.75	9.82	9.85	913.7781809
25/06/2008 06:30	9.32	9.14	9.29	9.35	9.27	9.75	9.56	9.75	9.81	9.84	913.74885
25/06/2008 06:35	9.31	9.14	9.30	9.36	9.28	9.74	9.56	9.74	9.81	9.84	913.7195191
25/06/2008 06:40	9.30	9.15	9.31	9.38	9.29	9.74	9.55	9.73	9.81	9.83	913.6901882
25/06/2008 06:45	9.31	9.16	9.32	9.39	9.30	9.73	9.55	9.73	9.80	9.83	913.6621905
25/06/2008 06:50	9.33	9.16	9.32	9.40	9.31	9.73	9.54	9.72	9.80	9.82	913.6381924
25/06/2008 06:55	9.33	9.17	9.33	9.41	9.31	9.72	9.54	9.72	9.79	9.82	913.6221938
25/06/2008 07:00	9.33	9.17	9.34	9.42	9.32	9.71	9.53	9.71	9.78	9.82	913.6208605
25/06/2008 07:05	9.33	9.18	9.35	9.44	9.33	9.71	9.53	9.71	9.79	9.81	913.6341928
25/06/2008 07:10	9.34	9.19	9.36	9.46	9.36	9.71	9.53	9.70	9.79	9.81	913.6608572
25/06/2008 07:15	9.34	9.20	9.37	9.48	9.38	9.70	9.53	9.70	9.79	9.81	913.6955211
25/06/2008 07:20	9.36	9.21	9.38	9.50	9.40	9.70	9.53	9.70	9.79	9.82	913.7288516
25/06/2008 07:25	9.36	9.22	9.40	9.52	9.41	9.70	9.53	9.70	9.80	9.82	913.7541829
25/06/2008 07:30	9.37	9.24	9.42	9.54	9.43	9.70	9.54	9.70	9.81	9.83	913.7688484
25/06/2008 07:35	9.37	9.25	9.43	9.56	9.45	9.70	9.54	9.71	9.82	9.85	913.7755145
25/06/2008 07:40	9.37	9.26	9.44	9.57	9.48	9.70	9.55	9.71	9.83	9.86	913.7755145
25/06/2008 07:45	9.38	9.27	9.45	9.58	9.49	9.71	9.56	9.72	9.84	9.88	913.7741813
25/06/2008 07:50	9.39	9.28	9.46	9.59	9.51	9.71	9.57	9.72	9.84	9.89	913.7715148
25/06/2008 07:55	9.40	9.29	9.47	9.60	9.52	9.71	9.58	9.73	9.85	9.90	913.7701816
25/06/2008 08:00	9.40	9.29	9.48	9.61	9.53	9.71	9.59	9.74	9.87	9.92	913.7701816
25/06/2008 08:05	9.40	9.30	9.48	9.62	9.53	9.71	9.60	9.75	9.88	9.93	913.7701816
25/06/2008 08:10	9.40	9.30	9.49	9.62	9.54	9.71	9.61	9.76	9.89	9.95	913.7715148
25/06/2008 08:15	9.39	9.30	9.49	9.62	9.54	9.71	9.61	9.77	9.90	9.96	913.772848
25/06/2008 08:20	9.39	9.30	9.49	9.63	9.54	9.71	9.62	9.78	9.92	9.98	913.7741813
25/06/2008 08:25	9.39	9.30	9.49	9.63	9.54	9.71	9.63	9.78	9.92	9.99	913.7741813
25/06/2008 08:30	9.39	9.30	9.50	9.64	9.55	9.71	9.63	9.79	9.94	10.00	913.7701816
25/06/2008 08:35	9.39	9.30	9.50	9.64	9.56	9.71	9.64	9.81	9.97	10.03	913.7621822
25/06/2008 08:40	9.39	9.30	9.51	9.65	9.58	9.72	9.65	9.82	10.00	10.06	913.7475168
25/06/2008 08:45	9.39	9.30	9.51	9.65	9.59	9.73	9.66	9.84	10.03	10.10	913.7261852
25/06/2008 08:50	9.39	9.31	9.51	9.65	9.59	9.73	9.67	9.85	10.06	10.15	913.7008539
25/06/2008 08:55	9.40	9.31	9.51	9.66	9.59	9.75	9.68	9.86	10.08	10.20	913.6728563
25/06/2008 09:00	9.41	9.32	9.52	9.66	9.59	9.77	9.69	9.87	10.10	10.25	913.6435253
25/06/2008 09:05	9.41	9.32	9.52	9.66	9.60	9.78	9.70	9.89	10.12	10.29	913.6168609
25/06/2008 09:10	9.40	9.33	9.52	9.66	9.59	9.80	9.72	9.90	10.13	10.34	913.5941961
25/06/2008 09:15	9.41	9.34	9.53	9.67	9.59	9.81	9.74	9.91	10.15	10.37	913.5768641
25/06/2008 09:20	9.42	9.35	9.54	9.68	9.59	9.83	9.76	9.93	10.17	10.41	913.5661984
25/06/2008 09:25	9.44	9.35	9.55	9.69	9.60	9.85	9.78	9.94	10.20	10.44	913.5608655
25/06/2008 09:30	9.44	9.36	9.55	9.69	9.61	9.87	9.81	9.97	10.23	10.48	913.5608655
25/06/2008 09:35	9.43	9.37	9.56	9.69	9.61	9.90	9.84	9.99	10.25	10.52	913.5608655
25/06/2008 09:40	9.42	9.37	9.56	9.69	9.61	9.92	9.87	10.01	10.28	10.55	913.5621987
25/06/2008 09:45	9.42	9.37	9.56	9.69	9.61	9.94	9.91	10.03	10.29	10.58	913.5635319
25/06/2008 09:50	9.42	9.37	9.56	9.69	9.61	9.96	9.94	10.05	10.30	10.59	913.5648651
25/06/2008 09:55	9.42	9.38	9.57	9.69	9.61	9.97	9.98	10.07	10.32	10.61	913.5648651
25/06/2008 10:00	9.42	9.38	9.57	9.70	9.60	9.99	10.01	10.10	10.37	10.64	913.5648651
25/06/2008 10:05	9.41	9.38	9.57	9.70	9.60	10.01	10.05	10.13	10.40	10.68	913.5648651
25/06/2008 10:10	9.41	9.38	9.57	9.70	9.60	10.04	10.09	10.17	10.44	10.72	913.5661984
25/06/2008 10:15	9.41	9.37	9.57	9.69	9.59	10.07	10.13	10.20	10.47	10.76	913.5675316
25/06/2008 10:20	9.42	9.38	9.56	9.69	9.59	10.09	10.18	10.24	10.53	10.81	913.570198
25/06/2008 10:25	9.42	9.38	9.56	9.69	9.58	10.12	10.23	10.28	10.57	10.86	913.5715313
25/06/2008 10:30	9.42	9.38	9.56	9.68	9.59	10.15	10.28	10.32	10.62	10.91	913.5675316
25/06/2008 10:35	9.40	9.37	9.56	9.68	9.58	10.18	10.33	10.37	10.66	10.97	913.558199
25/06/2008 10:40	9.39	9.37	9.55	9.67	9.57	10.21	10.39	10.42	10.71	11.02	913.5382007
25/06/2008 10:45	9.39	9.37	9.55	9.67	9.57	10.24	10.44	10.47	10.77	11.08	913.5075365
25/06/2008 10:50	9.39	9.36	9.55	9.66	9.57	10.27	10.49	10.52	10.82	11.13	913.4715395
25/06/2008 10:55	9.38	9.36	9.54	9.66	9.56	10.30	10.54	10.57	10.86	11.19	913.4342092
25/06/2008 11:00	9.38	9.35	9.54	9.65	9.55	10.33	10.58	10.63	10.92	11.24	913.4022118
25/06/2008 11:05	9.37	9.35	9.53	9.64	9.54	10.36	10.63	10.68	10.98	11.30	913.3782138
25/06/2008 11:10	9.37	9.35	9.52	9.63	9.53	10.39	10.67	10.74	11.04	11.37	913.3622151
25/06/2008 11:15	9.36	9.34	9.52	9.62	9.52	10.43	10.71	10.80	11.11	11.43	913.3462164
25/06/2008 11:20	9.35	9.33	9.51	9.62	9.51	10.47	10.76	10.86	11.17	11.49	913.3248849
25/06/2008 11:25	9.34	9.33	9.51	9.61	9.50	10.50	10.81	10.92	11.23	11.56	913.2955539
25/06/2008 11:30	9.33	9.32	9.50	9.60	9.49	10.54	10.85	10.98	11.30	11.62	913.2568905
25/06/2008 11:35	9.34	9.32	9.49	9.59	9.49	10.58	10.90	11.04	11.37	11.69	913.2168938
25/06/2008 11:40	9.33	9.31	9.49	9.59	9.48	10.62	10.94	11.10	11.43	11.76	913.1862296
25/06/2008 11:45	9.32	9.31	9.49	9.58	9.47	10.65	10.98	11.16	11.49	11.82	913.1702309
25/06/2008 11:50	9.31	9.31	9.48	9.57	9.46	10.70	11.02	11.22	11.55	11.89	913.1742306
25/06/2008 11:55	9.31	9.30	9.47	9.56	9.44	10.73	11.06	11.28	11.61	11.96	913.1982286
25/06/2008 12:00	9.30	9.29	9.46	9.55	9.43	10.78	11.10	11.33	11.66	12.03	913.2368921
25/06/2008 12:05	9.29	9.29	9.46	9.54	9.43	10.82	11.14	11.39	11.72	12.09	913.2848882
25/06/2008 12:10	9.27	9.28	9.45	9.53	9.42	10.86	11.19	11.45	11.78	12.16	913.3382171
25/06/2008 12:15	9.27	9.27	9.44	9.52	9.41	10.91	11.23	11.50	11.83	12.22	913.3955457
25/06/2008 12:20	9.26	9.27	9.43	9.52	9.38	10.95	11.27	11.55	11.89	12.28	913.4542076
25/06/2008 12:25	9.25	9.26	9.42	9.51	9.38	10.99	11.31	11.60	11.94	12.34	913.5155359
25/06/2008 12:30	9.25	9.26	9.42	9.50	9.38	11.03	11.36	11.65	12.00	12.41	913.5795306
25/06/2008 12:35	9.25	9.25	9.41	9.48	9.37	11.07	11.40	11.70	12.05	12.47	913.6408589
25/06/2008 12:40	9.24	9.24	9.40	9.48	9.36	11.11	11.45	11.75	12.10	12.53	913.6981875
25/06/2008 12:45	9.23	9.23	9.39	9.47	9.34	11.15	11.49	11.80	12.15	12.59	913.7475168
25/06/2008 12:50	9.22	9.22	9.39	9.46	9.33	11.19	11.53	11.85	12.21	12.65	913.7941796
25/06/2008 12:55	9.22	9.22	9.38	9.45	9.32	11.22	11.58	11.90	12.26	12.71	913.8421757
25/06/2008 13:00	9.21	9.21	9.37	9.44	9.32	11.26	11.62	11.95	12.32	12.77	913.8955046
25/06/2008 13:05	9.20	9.21	9.36	9.43	9.32	11.30	11.67	12.00	12.36	12.83	913.9515
25/06/2008 13:10	9.19	9.20	9.35	9.43	9.31	11.33	11.71	12.05	12.41	12.90	914.0048289
25/06/2008 13:15	9.19	9.19	9.35	9.42	9.30	11.36	11.75	12.10	12.46	12.94	914.0541582
25/06/2008 13:20	9.19	9.18	9.34	9.41	9.29	11.39	11.79	12.15	12.52	13.00	914.0968214
25/06/2008 13:25	9.19	9.17	9.33	9.40	9.28	11.43	11.84	12.19	12.58	13.06	914.1368181
25/06/2008 13:30	9.18	9.16	9.32	9.39	9.27	11.46	11.89	12.24	12.63	13.12	914.178148
25/06/2008 13:35	9.18	9.16	9.30	9.38	9.26	11.50	11.93	12.28	12.68	13.18	914.2248109
25/06/2008 13:40	9.17	9.16	9.29	9.37	9.25	11.53	11.96	12.33	12.72	13.24	914.2754734
25/06/2008 13:45	9.17	9.15	9.28	9.36	9.25	11.56	12.00	12.37	12.76	13.30	914.3274691
25/06/2008 13:50	9.16	9.14	9.28	9.35	9.25	11.59	12.03	12.41	12.81	13.35	914.3767984
25/06/2008 13:55	9.15	9.13	9.27	9.35	9.25	11.62	12.07	12.45	12.85	13.40	914.4207947
25/06/2008 14:00	9.14	9.12	9.26	9.34	9.22	11.65	12.10	12.48	12.88	13.45	914.4541253
25/06/2008 14:05	9.13	9.12	9.25	9.33	9.22	11.68	12.13	12.52	12.92	13.49	914.4781234
25/06/2008 14:10	9.14	9.11	9.24	9.33	9.20	11.70	12.15	12.55	12.97	13.53	914.4954553
25/06/2008 14:15	9.13	9.10	9.23	9.32	9.20	11.73	12.17	12.58	13.00	13.57	914.5101207
25/06/2008 14:20	9.13	9.09	9.22	9.31	9.19	11.75	12.20	12.61	13.04	13.62	914.523453
25/06/2008 14:25	9.12	9.09	9.21	9.30	9.19	11.78	12.22	12.64	13.06	13.65	914.535452
25/06/2008 14:30	9.12	9.09	9.21	9.29	9.19	11.81	12.25	12.66	13.09	13.69	914.5407849
25/06/2008 14:35	9.12	9.08	9.20	9.28	9.18	11.83	12.27	12.69	13.12	13.72	914.5327855
25/06/2008 14:40	9.11	9.07	9.20	9.28	9.17	11.85	12.30	12.71	13.15	13.76	914.5087875
25/06/2008 14:45	9.10	9.06	9.19	9.27	9.15	11.87	12.31	12.72	13.17	13.79	914.4674576
25/06/2008 14:50	9.09	9.06	9.18	9.27	9.14	11.89	12.32	12.74	13.19	13.82	914.4167951
25/06/2008 14:55	9.09	9.06	9.17	9.26	9.14	11.92	12.33	12.76	13.20	13.84	914.3701322
25/06/2008 15:00	9.09	9.05	9.16	9.25	9.14	11.94	12.34	12.78	13.22	13.86	914.3421345
25/06/2008 15:05	9.09	9.05	9.15	9.24	9.14	11.97	12.35	12.79	13.24	13.88	914.3381349
25/06/2008 15:10	9.08	9.04	9.15	9.24	9.12	11.99	12.35	12.80	13.26	13.90	914.3541336
25/06/2008 15:15	9.08	9.03	9.14	9.24	9.12	12.01	12.37	12.81	13.27	13.92	914.3701322
25/06/2008 15:20	9.08	9.03	9.14	9.23	9.12	12.03	12.38	12.82	13.28	13.93	914.3674658
25/06/2008 15:25	9.08	9.03	9.13	9.23	9.12	12.05	12.39	12.83	13.30	13.95	914.3381349
25/06/2008 15:30	9.07	9.02	9.12	9.23	9.11	12.07	12.40	12.83	13.30	13.96	914.2888056
25/06/2008 15:35	9.06	9.02	9.12	9.22	9.11	12.10	12.40	12.83	13.31	13.97	914.243476
25/06/2008 15:40	9.06	9.02	9.11	9.22	9.10	12.12	12.40	12.84	13.30	13.98	914.2248109
25/06/2008 15:45	9.06	9.01	9.11	9.22	9.10	12.13	12.41	12.84	13.30	13.98	914.2461424
25/06/2008 15:50	9.06	9.01	9.10	9.22	9.10	12.14	12.42	12.84	13.30	13.98	914.3101372
25/06/2008 15:55	9.06	9.01	9.10	9.21	9.09	12.16	12.43	12.83	13.30	13.96	914.3994632
25/06/2008 16:00	9.07	9.00	9.09	9.21	9.09	12.18	12.42	12.80	13.22	13.89	914.5021214
25/06/2008 16:05	9.07	9.00	9.09	9.21	9.09	12.20	12.38	12.77	13.14	13.83	914.6007799
25/06/2008 16:10	9.06	9.00	9.09	9.21	9.09	12.19	12.35	12.74	13.10	13.75	914.684773
25/06/2008 16:15	9.06	9.00	9.10	9.22	9.09	12.18	12.33	12.72	13.07	13.66	914.7527674
25/06/2008 16:20	9.05	9.01	9.11	9.23	9.09	12.18	12.32	12.70	13.08	13.59	914.8074296
25/06/2008 16:25	9.04	9.02	9.11	9.22	9.08	12.17	12.31	12.68	13.07	13.53	914.863425
25/06/2008 16:30	9.03	9.01	9.10	9.20	9.08	12.16	12.29	12.65	13.00	13.47	914.9314194
25/06/2008 16:35	9.02	8.99	9.09	9.18	9.06	12.14	12.25	12.62	12.92	13.41	915.0180789
25/06/2008 16:40	9.01	8.98	9.08	9.17	9.05	12.13	12.21	12.58	12.86	13.33	915.1234036
25/06/2008 16:45	9.00	8.97	9.07	9.17	9.05	12.11	12.16	12.55	12.82	13.25	915.2340612
25/06/2008 16:50	9.00	8.97	9.06	9.17	9.05	12.10	12.11	12.51	12.80	13.18	915.3300533
25/06/2008 16:55	9.01	8.97	9.06	9.16	9.06	12.09	12.07	12.48	12.75	13.12	915.3953813
25/06/2008 17:00	9.01	8.97	9.05	9.16	9.06	12.09	12.03	12.45	12.70	13.06	915.4220457
25/06/2008 17:05	9.01	8.96	9.05	9.15	9.05	12.09	11.99	12.41	12.67	13.01	915.4167128
25/06/2008 17:10	9.00	8.95	9.05	9.14	9.04	12.08	11.95	12.37	12.63	12.96	915.3967145
25/06/2008 17:15	9.00	8.95	9.04	9.13	9.03	12.06	11.91	12.34	12.59	12.91	915.3793826
25/06/2008 17:20	9.00	8.95	9.03	9.13	9.03	12.05	11.88	12.29	12.54	12.86	915.3753829
25/06/2008 17:25	9.00	8.94	9.03	9.12	9.02	12.04	11.85	12.25	12.50	12.81	915.3793826
25/06/2008 17:30	9.00	8.93	9.01	9.10	9.00	12.03	11.82	12.21	12.46	12.76	915.3833822
25/06/2008 17:35	9.00	8.91	9.00	9.08	8.99	12.02	11.79	12.17	12.41	12.71	915.3780493
25/06/2008 17:40	9.00	8.89	8.99	9.05	8.97	12.01	11.76	12.12	12.36	12.65	915.3647171
25/06/2008 17:45	9.00	8.89	8.99	9.05	8.98	12.00	11.73	12.08	12.31	12.60	915.3513849
25/06/2008 17:50	9.00	8.89	8.99	9.07	8.98	11.99	11.71	12.05	12.28	12.56	915.346052
25/06/2008 17:55	9.00	8.90	9.00	9.08	8.99	11.98	11.69	12.02	12.26	12.51	915.3527181
25/06/2008 18:00	9.00	8.89	9.00	9.07	8.98	11.98	11.67	11.99	12.22	12.47	915.3673836
25/06/2008 18:05	9.01	8.87	9.00	9.03	8.96	11.97	11.64	11.96	12.16	12.43	915.3860487
25/06/2008 18:10	9.01	8.85	9.00	8.99	8.93	11.96	11.62	11.93	12.12	12.38	915.4007141
25/06/2008 18:15	9.01	8.84	9.00	8.98	8.92	11.94	11.59	11.90	12.08	12.33	915.4153796
25/06/2008 18:20	9.01	8.83	9.00	8.97	8.91	11.93	11.57	11.87	12.06	12.28	915.4300451
25/06/2008 18:25	9.01	8.82	9.00	8.97	8.91	11.92	11.55	11.84	12.03	12.24	915.4460438
25/06/2008 18:30	9.01	8.82	9.00	8.97	8.91	11.91	11.54	11.81	12.00	12.19	915.4660421
25/06/2008 18:35	9.01	8.81	9.00	8.97	8.91	11.89	11.52	11.79	11.97	12.16	915.4913734
25/06/2008 18:40	9.01	8.81	9.00	8.97	8.92	11.88	11.50	11.77	11.94	12.13	915.5300368
25/06/2008 18:45	9.01	8.81	9.00	8.97	8.92	11.88	11.47	11.76	11.93	12.13	915.5860322
25/06/2008 18:50	9.01	8.81	9.00	8.97	8.92	11.86	11.46	11.74	11.90	12.10	915.6646924
25/06/2008 18:55	9.01	8.81	9.00	8.97	8.92	11.85	11.44	11.71	11.88	12.08	915.7620178
25/06/2008 19:00	9.01	8.81	9.00	8.97	8.92	11.83	11.42	11.69	11.85	12.05	915.8620095
25/06/2008 19:05	9.01	8.81	9.00	8.97	8.92	11.82	11.41	11.67	11.83	12.02	915.9513355
25/06/2008 19:10	9.01	8.82	9.00	8.97	8.92	11.80	11.39	11.65	11.80	11.99	916.0166635
25/06/2008 19:15	9.01	8.82	9.00	8.97	8.92	11.79	11.37	11.63	11.78	11.96	916.0606599
25/06/2008 19:20	9.01	8.82	9.00	8.97	8.92	11.77	11.36	11.61	11.76	11.93	916.0939905
25/06/2008 19:25	9.02	8.82	9.00	8.97	8.92	11.76	11.34	11.59	11.73	11.90	916.1339872
25/06/2008 19:30	9.02	8.82	9.00	8.97	8.92	11.74	11.33	11.56	11.71	11.87	916.1913158
25/06/2008 19:35	9.02	8.82	9.01	8.97	8.92	11.72	11.31	11.54	11.68	11.84	916.2593102
25/06/2008 19:40	9.02	8.82	9.01	8.97	8.92	11.71	11.29	11.52	11.66	11.81	916.3246382
25/06/2008 19:45	9.02	8.82	9.01	8.97	8.92	11.69	11.28	11.50	11.64	11.78	916.3739674
25/06/2008 19:50	9.02	8.82	9.01	8.97	8.92	11.68	11.26	11.48	11.61	11.76	916.3979655
25/06/2008 19:55	9.02	8.82	9.01	8.97	8.92	11.66	11.24	11.46	11.59	11.73	916.4046316
25/06/2008 20:00	9.02	8.82	9.01	8.97	8.92	11.65	11.23	11.43	11.56	11.70	916.4059648
25/06/2008 20:05	9.02	8.82	9.01	8.97	8.92	11.63	11.21	11.41	11.54	11.67	916.4139641
25/06/2008 20:10	9.02	8.82	9.01	8.97	8.92	11.62	11.20	11.39	11.51	11.64	916.4352957
25/06/2008 20:15	9.02	8.83	9.01	8.97	8.92	11.60	11.18	11.37	11.49	11.61	916.4686263
25/06/2008 20:20	9.02	8.83	9.01	8.97	8.92	11.58	11.16	11.35	11.47	11.58	916.5046234
25/06/2008 20:25	9.02	8.83	9.01	8.97	8.92	11.57	11.15	11.33	11.44	11.55	916.5379539
25/06/2008 20:30	9.02	8.83	9.01	8.97	8.92	11.55	11.13	11.31	11.42	11.52	916.5606188
25/06/2008 20:35	9.02	8.83	9.01	8.97	8.92	11.54	11.12	11.28	11.39	11.49	916.5672849
25/06/2008 20:40	9.02	8.83	9.01	8.97	8.92	11.52	11.10	11.26	11.37	11.46	916.5566191
25/06/2008 20:45	9.03	8.83	9.01	8.97	8.92	11.51	11.08	11.24	11.34	11.44	916.5312878
25/06/2008 20:50	9.03	8.83	9.01	8.97	8.93	11.49	11.07	11.22	11.32	11.41	916.5006237
25/06/2008 20:55	9.03	8.83	9.01	8.97	8.93	11.48	11.05	11.20	11.30	11.38	916.4766257
25/06/2008 21:00	9.03	8.83	9.01	8.97	8.93	11.46	11.03	11.18	11.27	11.35	916.4686263
25/06/2008 21:05	9.03	8.83	9.01	8.97	8.93	11.44	11.02	11.15	11.25	11.32	916.4752924
25/06/2008 21:10	9.03	8.83	9.01	8.97	8.93	11.43	11.00	11.13	11.22	11.29	916.4979572
25/06/2008 21:15	9.03	8.83	9.01	8.97	8.93	11.41	10.99	11.11	11.20	11.26	916.5259549
25/06/2008 21:20	9.03	8.84	9.01	8.97	8.93	11.40	10.97	11.09	11.18	11.23	916.5566191
25/06/2008 21:25	9.03	8.84	9.01	8.97	8.93	11.38	10.95	11.07	11.15	11.20	916.5846168
25/06/2008 21:30	9.03	8.84	9.01	8.97	8.93	11.37	10.94	11.05	11.13	11.17	916.6072816
25/06/2008 21:35	9.03	8.84	9.01	8.97	8.93	11.35	10.92	11.03	11.10	11.14	916.6246135
25/06/2008 21:40	9.03	8.84	9.01	8.97	8.93	11.34	10.90	11.00	11.08	11.12	916.6352793
25/06/2008 21:45	9.04	8.84	9.01	8.97	8.93	11.32	10.89	10.98	11.05	11.09	916.6406122
25/06/2008 21:50	9.03	8.84	9.01	8.97	8.93	11.30	10.87	10.96	11.03	11.06	916.6459451
25/06/2008 21:55	9.03	8.84	9.01	8.97	8.93	11.29	10.86	10.94	11.01	11.03	916.6552776
25/06/2008 22:00	9.03	8.85	9.01	8.97	8.93	11.27	10.84	10.92	10.98	11.00	916.6712763
25/06/2008 22:05	9.02	8.86	9.01	8.97	8.93	11.26	10.82	10.90	10.96	10.97	916.6912747
25/06/2008 22:10	9.02	8.86	9.01	8.97	8.93	11.24	10.81	10.87	10.93	10.94	916.7086066
25/06/2008 22:15	9.02	8.86	9.01	8.97	8.93	11.23	10.79	10.85	10.91	10.91	916.7166059
25/06/2008 22:20	9.03	8.86	9.01	8.97	8.93	11.21	10.77	10.83	10.88	10.88	916.7126063
25/06/2008 22:25	9.02	8.86	9.01	8.97	8.93	11.18	10.77	10.80	10.85	10.82	916.6966076
25/06/2008 22:30	9.02	8.86	9.01	8.97	8.94	11.18	10.79	10.81	10.87	10.84	916.6766092
25/06/2008 22:35	9.03	8.86	9.01	8.97	8.96	11.18	10.81	10.83	10.89	10.85	916.6592773
25/06/2008 22:40	9.04	8.85	9.00	8.97	8.96	11.18	10.82	10.85	10.90	10.86	916.651278
25/06/2008 22:45	9.04	8.85	9.00	8.97	8.95	11.17	10.83	10.86	10.92	10.87	916.6539444
25/06/2008 22:50	9.03	8.85	9.00	8.97	8.93	11.16	10.83	10.87	10.93	10.88	916.6659434
25/06/2008 22:55	9.03	8.84	9.00	8.96	8.93	11.15	10.83	10.89	10.94	10.89	916.6779424
25/06/2008 23:00	9.03	8.84	9.00	8.96	8.93	11.15	10.83	10.89	10.95	10.91	916.6806089
25/06/2008 23:05	9.04	8.84	9.00	8.96	8.93	11.14	10.83	10.90	10.96	10.92	916.6712763
25/06/2008 23:10	9.04	8.84	9.00	8.96	8.93	11.13	10.83	10.91	10.96	10.92	916.6459451
25/06/2008 23:15	9.03	8.84	9.00	8.96	8.93	11.13	10.82	10.91	10.97	10.93	916.6152809
25/06/2008 23:20	9.03	8.85	8.99	8.96	8.93	11.12	10.82	10.91	10.97	10.95	916.5832836
25/06/2008 23:25	9.04	8.85	8.99	8.96	8.93	11.11	10.81	10.91	10.97	10.95	916.5579523
25/06/2008 23:30	9.04	8.85	8.99	8.96	8.93	11.11	10.81	10.91	10.97	10.95	916.5392872
25/06/2008 23:35	9.04	8.85	8.99	8.96	8.93	11.10	10.80	10.91	10.97	10.95	916.5232885
25/06/2008 23:40	9.04	8.85	9.00	8.96	8.93	11.10	10.80	10.90	10.97	10.96	916.5059566
25/06/2008 23:45	9.03	8.85	9.00	8.96	8.93	11.09	10.79	10.90	10.97	10.96	916.4872914
25/06/2008 23:50	9.04	8.85	9.00	8.96	8.93	11.08	10.79	10.90	10.96	10.96	916.4672931
25/06/2008 23:55	9.05	8.85	9.00	8.97	8.93	11.08	10.78	10.89	10.96	10.95	916.4499612
26/06/2008 00:00	9.06	8.85	9.00	8.97	8.93	11.07	10.77	10.88	10.95	10.95	916.4392954
26/06/2008 00:05	9.06	8.86	9.00	8.97	8.93	11.06	10.76	10.88	10.94	10.94	916.4352957
26/06/2008 00:10	9.06	8.86	9.01	8.97	8.93	11.05	10.76	10.87	10.93	10.93	916.4352957
26/06/2008 00:15	9.06	8.86	9.01	8.97	8.93	11.04	10.75	10.86	10.93	10.93	916.4366289
26/06/2008 00:20	9.05	8.86	9.01	8.97	8.94	11.03	10.74	10.86	10.92	10.92	916.4339625
26/06/2008 00:25	9.05	8.86	9.01	8.98	8.95	11.02	10.73	10.85	10.92	10.91	916.4272964
26/06/2008 00:30	9.05	8.86	9.01	8.98	8.95	11.01	10.72	10.84	10.91	10.90	916.4126309
26/06/2008 00:35	9.05	8.86	9.01	8.98	8.94	11.00	10.71	10.84	10.90	10.90	916.3926326
26/06/2008 00:40	9.05	8.86	9.01	8.98	8.95	10.98	10.70	10.83	10.90	10.89	916.3673013
26/06/2008 00:45	9.06	8.87	9.01	8.98	8.95	10.97	10.69	10.82	10.89	10.89	916.3393036
26/06/2008 00:50	9.06	8.87	9.02	8.99	8.96	10.96	10.69	10.81	10.88	10.89	916.3113059
26/06/2008 00:55	9.07	8.87	9.02	8.99	8.95	10.95	10.68	10.81	10.88	10.88	916.2859747
26/06/2008 01:00	9.07	8.87	9.02	8.99	8.96	10.93	10.67	10.80	10.87	10.88	916.2633099
26/06/2008 01:05	9.07	8.87	9.02	8.99	8.96	10.92	10.67	10.79	10.86	10.87	916.2446447
26/06/2008 01:10	9.09	8.88	9.03	8.99	8.97	10.90	10.66	10.78	10.85	10.86	916.2286461
26/06/2008 01:15	9.09	8.88	9.03	9.00	8.97	10.88	10.65	10.78	10.85	10.86	916.216647
26/06/2008 01:20	9.10	8.88	9.03	9.00	8.97	10.86	10.65	10.77	10.85	10.85	916.2033148
26/06/2008 01:25	9.10	8.88	9.03	9.00	8.96	10.84	10.65	10.77	10.84	10.85	916.192649
26/06/2008 01:30	9.11	8.89	9.03	9.00	8.96	10.81	10.64	10.76	10.83	10.84	916.1819832
26/06/2008 01:35	9.11	8.89	9.04	9.00	8.96	10.78	10.63	10.75	10.81	10.83	916.1739839
26/06/2008 01:40	9.11	8.89	9.04	9.01	8.98	10.75	10.62	10.74	10.81	10.82	916.1659845
26/06/2008 01:45	9.12	8.90	9.04	9.02	8.98	10.72	10.61	10.73	10.80	10.81	916.1579852
26/06/2008 01:50	9.13	8.90	9.04	9.02	8.98	10.70	10.59	10.73	10.79	10.80	916.156652
26/06/2008 01:55	9.13	8.90	9.04	9.02	8.98	10.68	10.58	10.72	10.79	10.79	916.1646513
26/06/2008 02:00	9.13	8.91	9.04	9.02	8.97	10.65	10.56	10.72	10.79	10.79	916.1886493
26/06/2008 02:05	9.13	8.91	9.05	9.02	8.97	10.63	10.55	10.71	10.78	10.78	916.2233132
26/06/2008 02:10	9.14	8.92	9.05	9.03	8.96	10.61	10.53	10.70	10.77	10.78	916.2593102
26/06/2008 02:15	9.15	8.92	9.05	9.03	8.97	10.59	10.51	10.69	10.77	10.78	916.2873079
26/06/2008 02:20	9.15	8.92	9.06	9.03	8.98	10.57	10.49	10.67	10.75	10.77	916.2953072
26/06/2008 02:25	9.16	8.93	9.06	9.03	8.99	10.55	10.47	10.66	10.74	10.76	916.2873079
26/06/2008 02:30	9.16	8.93	9.06	9.04	9.00	10.53	10.46	10.64	10.72	10.75	916.2739757
26/06/2008 02:35	9.16	8.93	9.07	9.04	9.00	10.51	10.44	10.63	10.71	10.74	916.2646431
26/06/2008 02:40	9.17	8.93	9.07	9.04	9.00	10.49	10.42	10.61	10.69	10.73	916.2659763
26/06/2008 02:45	9.16	8.94	9.07	9.05	9.00	10.47	10.40	10.59	10.67	10.71	916.2766421
26/06/2008 02:50	9.17	8.95	9.07	9.05	9.01	10.46	10.38	10.58	10.66	10.70	916.2913076
26/06/2008 02:55	9.17	8.95	9.08	9.05	9.01	10.44	10.36	10.56	10.65	10.68	916.3006401
26/06/2008 03:00	9.18	8.94	9.08	9.06	9.01	10.43	10.35	10.55	10.64	10.67	916.3019734
26/06/2008 03:05	9.17	8.94	9.09	9.06	9.02	10.42	10.33	10.53	10.62	10.66	916.2966405
26/06/2008 03:10	9.16	8.95	9.09	9.07	9.03	10.41	10.32	10.52	10.61	10.65	916.2926408
26/06/2008 03:15	9.17	8.95	9.10	9.07	9.03	10.40	10.31	10.50	10.59	10.63	916.293974
26/06/2008 03:20	9.18	8.96	9.10	9.07	9.03	10.39	10.29	10.49	10.57	10.62	916.3019734
26/06/2008 03:25	9.19	8.96	9.10	9.07	9.03	10.38	10.28	10.47	10.56	10.60	916.3139724
26/06/2008 03:30	9.18	8.96	9.10	9.08	9.04	10.37	10.27	10.46	10.55	10.59	916.3286378
26/06/2008 03:35	9.18	8.96	9.11	9.08	9.04	10.36	10.25	10.44	10.53	10.58	916.3446365
26/06/2008 03:40	9.18	8.96	9.11	9.09	9.03	10.35	10.24	10.43	10.52	10.56	916.3579688
26/06/2008 03:45	9.18	8.96	9.11	9.09	9.03	10.34	10.23	10.42	10.50	10.55	916.3686345
26/06/2008 03:50	9.19	8.97	9.11	9.09	9.03	10.33	10.22	10.41	10.49	10.53	916.3726342
26/06/2008 03:55	9.19	8.97	9.12	9.10	9.05	10.33	10.21	10.39	10.48	10.52	916.371301
26/06/2008 04:00	9.19	8.97	9.12	9.10	9.04	10.32	10.20	10.38	10.47	10.51	916.3659681
26/06/2008 04:05	9.18	8.97	9.12	9.10	9.04	10.31	10.19	10.37	10.46	10.49	916.3633016
26/06/2008 04:10	9.19	8.97	9.13	9.10	9.03	10.31	10.18	10.36	10.45	10.48	916.3686345
26/06/2008 04:15	9.20	8.97	9.13	9.10	9.05	10.30	10.18	10.35	10.44	10.47	916.3806336
26/06/2008 04:20	9.19	8.97	9.13	9.11	9.05	10.29	10.17	10.35	10.44	10.46	916.3966322
26/06/2008 04:25	9.19	8.97	9.13	9.11	9.06	10.28	10.17	10.34	10.43	10.46	916.4059648
26/06/2008 04:30	9.19	8.98	9.13	9.11	9.06	10.27	10.16	10.33	10.42	10.45	916.4086313
26/06/2008 04:35	9.20	8.98	9.13	9.11	9.06	10.26	10.17	10.32	10.42	10.46	916.4032984
26/06/2008 04:40	9.21	8.98	9.14	9.11	9.07	10.26	10.17	10.32	10.43	10.46	916.3966322
26/06/2008 04:45	9.21	8.99	9.14	9.12	9.06	10.26	10.18	10.32	10.42	10.46	916.3899661
26/06/2008 04:50	9.21	8.99	9.14	9.12	9.07	10.24	10.18	10.33	10.42	10.46	916.3819668
26/06/2008 04:55	9.21	8.99	9.14	9.12	9.06	10.24	10.17	10.33	10.42	10.46	916.3739674
26/06/2008 05:00	9.21	8.99	9.14	9.12	9.07	10.23	10.16	10.33	10.43	10.45	916.3633016
26/06/2008 05:05	9.23	8.99	9.15	9.12	9.07	10.22	10.16	10.33	10.42	10.45	916.3513026
26/06/2008 05:10	9.22	9.00	9.15	9.12	9.07	10.21	10.15	10.33	10.43	10.45	916.3379704
26/06/2008 05:15	9.22	8.99	9.15	9.13	9.07	10.20	10.14	10.33	10.42	10.45	916.3233049
26/06/2008 05:20	9.21	9.00	9.15	9.13	9.08	10.19	10.13	10.32	10.42	10.45	916.3046398
26/06/2008 05:25	9.22	9.00	9.15	9.13	9.09	10.18	10.14	10.31	10.42	10.45	916.2833082
26/06/2008 05:30	9.23	9.00	9.15	9.13	9.09	10.17	10.13	10.30	10.41	10.45	916.2619766
26/06/2008 05:35	9.23	9.00	9.15	9.13	9.08	10.16	10.11	10.30	10.40	10.44	916.2419783
26/06/2008 05:40	9.23	9.00	9.16	9.14	9.08	10.16	10.09	10.28	10.38	10.43	916.2299793
26/06/2008 05:45	9.23	9.01	9.16	9.14	9.09	10.16	10.08	10.28	10.36	10.42	916.2233132
26/06/2008 05:50	9.23	9.01	9.16	9.15	9.09	10.15	10.06	10.27	10.36	10.41	916.2259796
26/06/2008 05:55	9.23	9.01	9.17	9.15	9.10	10.15	10.05	10.25	10.35	10.39	916.2353122
26/06/2008 06:00	9.24	9.01	9.17	9.16	9.10	10.15	10.04	10.24	10.33	10.38	916.2513109
26/06/2008 06:05	9.24	9.02	9.17	9.16	9.11	10.15	10.03	10.22	10.32	10.36	916.2726424
26/06/2008 06:10	9.24	9.03	9.17	9.17	9.10	10.14	10.02	10.21	10.30	10.35	916.2926408
26/06/2008 06:15	9.24	9.03	9.18	9.17	9.10	10.13	10.01	10.20	10.29	10.34	916.3099727
26/06/2008 06:20	9.24	9.03	9.19	9.18	9.12	10.13	10.01	10.19	10.28	10.32	916.3246382
26/06/2008 06:25	9.24	9.03	9.19	9.19	9.13	10.12	10.00	10.18	10.26	10.31	916.3406368
26/06/2008 06:30	9.25	9.04	9.20	9.19	9.14	10.12	9.99	10.17	10.25	10.29	916.3606352
26/06/2008 06:35	9.25	9.04	9.20	9.20	9.14	10.12	9.98	10.16	10.24	10.28	916.3886329
26/06/2008 06:40	9.25	9.04	9.20	9.20	9.15	10.11	9.97	10.15	10.23	10.27	916.4246299
26/06/2008 06:45	9.25	9.05	9.21	9.22	9.16	10.10	9.97	10.14	10.23	10.26	916.4632934
26/06/2008 06:50	9.26	9.06	9.22	9.23	9.17	10.10	9.96	10.13	10.22	10.25	916.5019569
26/06/2008 06:55	9.27	9.06	9.23	9.24	9.18	10.10	9.96	10.12	10.21	10.24	916.5366207
26/06/2008 07:00	9.27	9.07	9.24	9.25	9.19	10.09	9.96	10.12	10.21	10.24	916.5672849
26/06/2008 07:05	9.27	9.08	9.25	9.27	9.20	10.09	9.96	10.11	10.20	10.24	916.5926161
26/06/2008 07:10	9.27	9.08	9.26	9.28	9.21	10.08	9.95	10.11	10.20	10.23	916.609948
26/06/2008 07:15	9.28	9.09	9.26	9.28	9.21	10.08	9.95	10.10	10.19	10.23	916.6166141
26/06/2008 07:20	9.28	9.09	9.26	9.28	9.22	10.07	9.94	10.10	10.18	10.22	916.6112813
26/06/2008 07:25	9.29	9.09	9.26	9.28	9.22	10.06	9.93	10.10	10.18	10.21	916.5966158
26/06/2008 07:30	9.29	9.09	9.26	9.28	9.22	10.06	9.93	10.09	10.18	10.20	916.5806171
26/06/2008 07:35	9.28	9.10	9.26	9.28	9.22	10.05	9.92	10.09	10.17	10.20	916.5699513
26/06/2008 07:40	9.28	9.10	9.26	9.29	9.24	10.05	9.92	10.08	10.17	10.20	916.5672849
26/06/2008 07:45	9.28	9.10	9.27	9.30	9.24	10.04	9.91	10.07	10.16	10.19	916.5699513
26/06/2008 07:50	9.30	9.11	9.28	9.30	9.25	10.04	9.91	10.07	10.16	10.19	916.5726178
26/06/2008 07:55	9.30	9.11	9.28	9.31	9.26	10.03	9.90	10.06	10.15	10.18	916.5712845
26/06/2008 08:00	9.30	9.12	9.29	9.33	9.26	10.03	9.90	10.06	10.15	10.18	916.5686181
26/06/2008 08:05	9.30	9.12	9.30	9.34	9.26	10.02	9.90	10.06	10.15	10.18	916.5672849
26/06/2008 08:10	9.31	9.13	9.30	9.34	9.26	10.02	9.89	10.06	10.14	10.17	916.5726178
26/06/2008 08:15	9.32	9.14	9.31	9.36	9.28	10.02	9.89	10.05	10.14	10.17	916.58595
26/06/2008 08:20	9.33	9.15	9.32	9.37	9.29	10.01	9.89	10.05	10.15	10.17	916.5992822
26/06/2008 08:25	9.32	9.15	9.32	9.38	9.30	10.01	9.89	10.05	10.14	10.17	916.6086148
26/06/2008 08:30	9.32	9.16	9.33	9.39	9.32	10.01	9.89	10.05	10.13	10.17	916.609948
26/06/2008 08:35	9.32	9.17	9.34	9.40	9.34	10.00	9.89	10.04	10.13	10.17	916.6059484
26/06/2008 08:40	9.33	9.18	9.35	9.42	9.36	9.99	9.89	10.04	10.14	10.17	916.6032819
26/06/2008 08:45	9.34	9.19	9.36	9.43	9.37	9.99	9.89	10.05	10.14	10.17	916.6059484
26/06/2008 08:50	9.34	9.20	9.37	9.44	9.38	9.99	9.89	10.05	10.14	10.17	916.6152809
26/06/2008 08:55	9.34	9.20	9.38	9.45	9.38	9.98	9.89	10.05	10.14	10.17	916.6259467
26/06/2008 09:00	9.34	9.21	9.38	9.46	9.39	9.98	9.89	10.05	10.15	10.17	916.6326128
26/06/2008 09:05	9.33	9.21	9.39	9.47	9.41	9.97	9.89	10.05	10.15	10.18	916.6299464
26/06/2008 09:10	9.33	9.22	9.40	9.49	9.43	9.97	9.89	10.05	10.15	10.18	916.6166141
26/06/2008 09:15	9.34	9.23	9.41	9.51	9.44	9.97	9.89	10.05	10.16	10.19	916.5966158
26/06/2008 09:20	9.36	9.25	9.43	9.53	9.45	9.97	9.90	10.06	10.17	10.20	916.5726178
26/06/2008 09:25	9.38	9.27	9.44	9.55	9.47	9.97	9.90	10.06	10.18	10.21	916.5512862
26/06/2008 09:30	9.39	9.29	9.46	9.58	9.48	9.97	9.91	10.07	10.20	10.23	916.5379539
26/06/2008 09:35	9.40	9.31	9.48	9.60	9.50	9.98	9.92	10.08	10.21	10.24	916.5312878
26/06/2008 09:40	9.40	9.33	9.50	9.62	9.53	9.99	9.93	10.09	10.23	10.27	916.5339543
26/06/2008 09:45	9.41	9.36	9.52	9.65	9.56	10.00	9.95	10.11	10.26	10.30	916.5446201
26/06/2008 09:50	9.43	9.37	9.54	9.67	9.58	10.01	9.97	10.12	10.30	10.33	916.561952
26/06/2008 09:55	9.44	9.38	9.55	9.68	9.60	10.02	10.00	10.14	10.32	10.37	916.58595
26/06/2008 10:00	9.44	9.39	9.56	9.69	9.59	10.03	10.02	10.16	10.34	10.40	916.6086148
26/06/2008 10:05	9.44	9.39	9.57	9.69	9.59	10.04	10.03	10.17	10.35	10.43	916.6286132
26/06/2008 10:10	9.44	9.38	9.57	9.69	9.58	10.05	10.05	10.18	10.35	10.44	916.6366125
26/06/2008 10:15	9.43	9.38	9.57	9.69	9.57	10.06	10.06	10.19	10.35	10.45	916.6339461
26/06/2008 10:20	9.42	9.37	9.56	9.68	9.57	10.06	10.07	10.21	10.36	10.45	916.6192806
26/06/2008 10:25	9.40	9.36	9.55	9.66	9.57	10.06	10.08	10.22	10.37	10.45	916.597949
26/06/2008 10:30	9.38	9.34	9.53	9.64	9.55	10.07	10.08	10.23	10.38	10.45	916.5766174
26/06/2008 10:35	9.38	9.32	9.52	9.63	9.53	10.06	10.08	10.24	10.38	10.46	916.5579523
26/06/2008 10:40	9.38	9.31	9.51	9.62	9.52	10.06	10.07	10.25	10.39	10.46	916.5459533
26/06/2008 10:45	9.38	9.31	9.50	9.62	9.52	10.06	10.07	10.25	10.40	10.47	916.5392872
26/06/2008 10:50	9.37	9.31	9.50	9.62	9.52	10.07	10.07	10.26	10.41	10.47	916.5339543
26/06/2008 10:55	9.37	9.31	9.50	9.61	9.51	10.07	10.07	10.26	10.41	10.48	916.5259549
26/06/2008 11:00	9.37	9.30	9.49	9.61	9.51	10.07	10.07	10.26	10.41	10.49	916.5126227
26/06/2008 11:05	9.37	9.30	9.48	9.60	9.50	10.08	10.06	10.26	10.41	10.49	916.4939576
26/06/2008 11:10	9.37	9.30	9.48	9.59	9.51	10.07	10.06	10.25	10.40	10.49	916.4739592
26/06/2008 11:15	9.38	9.30	9.48	9.59	9.51	10.08	10.06	10.25	10.41	10.49	916.4552941
26/06/2008 11:20	9.38	9.32	9.49	9.61	9.52	10.08	10.06	10.25	10.41	10.50	916.4392954
26/06/2008 11:25	9.39	9.33	9.50	9.62	9.53	10.09	10.07	10.26	10.43	10.52	916.4246299
26/06/2008 11:30	9.41	9.35	9.51	9.64	9.55	10.10	10.08	10.27	10.45	10.53	916.407298
26/06/2008 11:35	9.42	9.36	9.53	9.66	9.57	10.11	10.09	10.28	10.46	10.55	916.3886329
26/06/2008 11:40	9.42	9.38	9.55	9.68	9.58	10.12	10.11	10.29	10.48	10.57	916.3699678
26/06/2008 11:45	9.42	9.39	9.56	9.69	9.59	10.14	10.12	10.30	10.50	10.60	916.3513026
26/06/2008 11:50	9.41	9.38	9.56	9.69	9.59	10.14	10.13	10.31	10.51	10.62	916.3366372
26/06/2008 11:55	9.39	9.37	9.55	9.68	9.59	10.14	10.14	10.32	10.51	10.63	916.3219717
26/06/2008 12:00	9.39	9.35	9.54	9.67	9.59	10.14	10.15	10.32	10.50	10.64	916.3046398
26/06/2008 12:05	9.38	9.33	9.53	9.65	9.57	10.14	10.15	10.32	10.50	10.63	916.2859747
26/06/2008 12:10	9.38	9.32	9.52	9.64	9.54	10.14	10.15	10.32	10.49	10.62	916.2673095
26/06/2008 12:15	9.36	9.31	9.51	9.62	9.53	10.14	10.15	10.32	10.48	10.61	916.2486444
26/06/2008 12:20	9.35	9.29	9.49	9.61	9.52	10.15	10.14	10.33	10.48	10.59	916.2339789
26/06/2008 12:25	9.35	9.28	9.48	9.59	9.51	10.15	10.13	10.33	10.48	10.58	916.2193135
26/06/2008 12:30	9.34	9.28	9.47	9.59	9.50	10.16	10.13	10.33	10.48	10.57	916.2019816
26/06/2008 12:35	9.34	9.28	9.46	9.59	9.51	10.17	10.12	10.33	10.48	10.57	916.1833164
26/06/2008 12:40	9.34	9.27	9.46	9.59	9.50	10.17	10.12	10.32	10.48	10.57	916.1646513
26/06/2008 12:45	9.35	9.27	9.46	9.58	9.49	10.18	10.11	10.32	10.49	10.58	916.1473194
26/06/2008 12:50	9.35	9.27	9.46	9.58	9.50	10.18	10.11	10.32	10.49	10.58	916.1313207
26/06/2008 12:55	9.35	9.27	9.46	9.58	9.51	10.19	10.11	10.32	10.49	10.58	916.1166553
26/06/2008 13:00	9.35	9.27	9.46	9.58	9.51	10.21	10.12	10.32	10.48	10.58	916.1006566
26/06/2008 13:05	9.34	9.28	9.46	9.59	9.50	10.23	10.13	10.32	10.49	10.58	916.0806582
26/06/2008 13:10	9.34	9.29	9.47	9.59	9.51	10.23	10.14	10.33	10.51	10.59	916.0619931
26/06/2008 13:15	9.34	9.29	9.47	9.60	9.52	10.24	10.14	10.33	10.52	10.60	916.0446612
26/06/2008 13:20	9.33	9.29	9.48	9.60	9.52	10.25	10.15	10.34	10.53	10.61	916.0286625
26/06/2008 13:25	9.33	9.28	9.48	9.60	9.52	10.26	10.16	10.34	10.54	10.62	916.013997
26/06/2008 13:30	9.33	9.29	9.48	9.62	9.53	10.27	10.17	10.35	10.54	10.64	915.9966651
26/06/2008 13:35	9.33	9.30	9.49	9.63	9.55	10.27	10.17	10.36	10.57	10.66	915.9766668
26/06/2008 13:40	9.34	9.32	9.51	9.65	9.57	10.27	10.19	10.38	10.59	10.68	915.9553352
26/06/2008 13:45	9.36	9.33	9.52	9.66	9.58	10.28	10.21	10.40	10.62	10.71	915.9366701
26/06/2008 13:50	9.37	9.35	9.54	9.68	9.59	10.31	10.24	10.42	10.64	10.74	915.9246711
26/06/2008 13:55	9.39	9.37	9.55	9.69	9.60	10.32	10.26	10.44	10.66	10.78	915.9166717
26/06/2008 14:00	9.40	9.38	9.56	9.69	9.60	10.35	10.30	10.46	10.69	10.82	915.9153385
26/06/2008 14:05	9.40	9.40	9.57	9.70	9.60	10.38	10.33	10.48	10.71	10.84	915.9153385
26/06/2008 14:10	9.41	9.40	9.57	9.71	9.61	10.41	10.37	10.50	10.74	10.87	915.9206714
26/06/2008 14:15	9.40	9.40	9.58	9.71	9.62	10.43	10.41	10.52	10.77	10.90	915.9313372
26/06/2008 14:20	9.39	9.40	9.58	9.72	9.63	10.45	10.46	10.55	10.79	10.92	915.9473359
26/06/2008 14:25	9.38	9.40	9.57	9.71	9.62	10.46	10.49	10.57	10.81	10.95	915.9686674
26/06/2008 14:30	9.38	9.39	9.57	9.71	9.60	10.47	10.52	10.59	10.82	10.96	915.989999
26/06/2008 14:35	9.37	9.38	9.57	9.70	9.60	10.47	10.53	10.61	10.83	10.98	916.0099974
26/06/2008 14:40	9.37	9.38	9.57	9.70	9.61	10.47	10.55	10.65	10.86	11.00	916.0219964
26/06/2008 14:45	9.36	9.37	9.57	9.70	9.61	10.49	10.59	10.68	10.91	11.03	916.0299957
26/06/2008 14:50	9.36	9.36	9.56	9.69	9.60	10.50	10.60	10.71	10.94	11.05	916.0313289
26/06/2008 14:55	9.35	9.35	9.54	9.67	9.58	10.51	10.61	10.74	10.96	11.07	916.0299957
26/06/2008 15:00	9.35	9.32	9.52	9.64	9.55	10.52	10.62	10.76	10.96	11.08	916.0233296
26/06/2008 15:05	9.34	9.30	9.50	9.61	9.52	10.52	10.61	10.77	10.96	11.09	916.0126638
26/06/2008 15:10	9.32	9.28	9.47	9.58	9.49	10.52	10.60	10.78	10.95	11.09	916.0006648
26/06/2008 15:15	9.31	9.26	9.44	9.55	9.46	10.51	10.59	10.78	10.95	11.08	915.9886658
26/06/2008 15:20	9.29	9.24	9.41	9.53	9.43	10.51	10.58	10.77	10.94	11.07	915.9833329
26/06/2008 15:25	9.27	9.22	9.39	9.51	9.42	10.50	10.56	10.77	10.94	11.06	915.9846661
26/06/2008 15:30	9.27	9.20	9.38	9.50	9.41	10.49	10.54	10.76	10.93	11.05	915.9953319
26/06/2008 15:35	9.26	9.19	9.37	9.50	9.42	10.49	10.52	10.75	10.93	11.05	916.0099974
26/06/2008 15:40	9.25	9.18	9.37	9.49	9.42	10.48	10.50	10.75	10.93	11.05	916.0219964
26/06/2008 15:45	9.25	9.18	9.37	9.49	9.43	10.48	10.48	10.75	10.93	11.05	916.0313289
26/06/2008 15:50	9.26	9.18	9.37	9.50	9.44	10.47	10.47	10.74	10.94	11.06	916.0313289
26/06/2008 15:55	9.28	9.20	9.38	9.52	9.45	10.47	10.47	10.74	10.97	11.08	916.0219964
26/06/2008 16:00	9.30	9.23	9.40	9.55	9.47	10.48	10.46	10.74	10.99	11.11	916.001998
26/06/2008 16:05	9.33	9.27	9.43	9.57	9.49	10.49	10.47	10.75	11.00	11.15	915.9713339
26/06/2008 16:10	9.35	9.29	9.45	9.58	9.51	10.53	10.49	10.75	11.02	11.17	915.9313372
26/06/2008 16:15	9.36	9.32	9.46	9.59	9.51	10.54	10.53	10.75	10.99	11.18	915.8900072
26/06/2008 16:20	9.35	9.32	9.47	9.59	9.51	10.55	10.54	10.75	11.00	11.20	915.8553434
26/06/2008 16:25	9.34	9.32	9.47	9.59	9.50	10.57	10.55	10.75	10.99	11.20	915.8286789
26/06/2008 16:30	9.32	9.30	9.46	9.58	9.49	10.56	10.56	10.74	10.96	11.18	915.8180132
26/06/2008 16:35	9.30	9.29	9.46	9.57	9.48	10.57	10.56	10.74	10.93	11.15	915.8206796
26/06/2008 16:40	9.30	9.28	9.45	9.57	9.47	10.57	10.57	10.74	10.93	11.13	915.8353451
26/06/2008 16:45	9.29	9.27	9.45	9.57	9.47	10.58	10.58	10.75	10.94	11.11	915.8580099
26/06/2008 16:50	9.28	9.27	9.45	9.57	9.47	10.58	10.58	10.75	10.94	11.09	915.8846743
26/06/2008 16:55	9.27	9.26	9.44	9.56	9.48	10.59	10.57	10.76	10.94	11.07	915.9140053
26/06/2008 17:00	9.27	9.25	9.44	9.56	9.48	10.60	10.57	10.77	10.94	11.08	915.9433362
26/06/2008 17:05	9.28	9.25	9.43	9.56	9.48	10.61	10.57	10.77	10.95	11.07	915.9713339
26/06/2008 17:10	9.28	9.26	9.43	9.56	9.48	10.62	10.56	10.78	10.96	11.07	915.9939987
26/06/2008 17:15	9.29	9.26	9.43	9.57	9.48	10.64	10.56	10.78	10.98	11.08	916.0126638
26/06/2008 17:20	9.29	9.27	9.44	9.57	9.47	10.65	10.56	10.79	10.99	11.09	916.0246628
26/06/2008 17:25	9.30	9.27	9.43	9.56	9.47	10.66	10.56	10.79	10.99	11.10	916.0313289
26/06/2008 17:30	9.29	9.26	9.43	9.55	9.46	10.67	10.56	10.79	10.98	11.10	916.0339954
26/06/2008 17:35	9.28	9.25	9.42	9.53	9.45	10.67	10.56	10.78	10.97	11.10	916.0326622
26/06/2008 17:40	9.26	9.23	9.40	9.51	9.42	10.67	10.55	10.78	10.95	11.08	916.0273293
26/06/2008 17:45	9.24	9.21	9.39	9.50	9.40	10.67	10.55	10.77	10.94	11.07	916.0166635
26/06/2008 17:50	9.24	9.20	9.38	9.49	9.38	10.67	10.56	10.76	10.93	11.06	916.0006648
26/06/2008 17:55	9.24	9.19	9.37	9.47	9.38	10.66	10.55	10.75	10.92	11.04	915.9793332
26/06/2008 18:00	9.23	9.17	9.35	9.46	9.37	10.66	10.54	10.74	10.91	11.03	915.9580016
26/06/2008 18:05	9.21	9.15	9.34	9.45	9.36	10.65	10.53	10.74	10.90	11.02	915.9393365
26/06/2008 18:10	9.20	9.14	9.33	9.44	9.36	10.65	10.53	10.74	10.89	11.01	915.9260043
26/06/2008 18:15	9.21	9.14	9.33	9.44	9.35	10.64	10.52	10.74	10.90	11.01	915.9206714
26/06/2008 18:20	9.22	9.14	9.33	9.44	9.36	10.64	10.52	10.73	10.91	11.00	915.9180049
26/06/2008 18:25	9.23	9.14	9.32	9.42	9.35	10.63	10.51	10.73	10.89	10.99	915.9193382
26/06/2008 18:30	9.22	9.12	9.30	9.39	9.33	10.63	10.50	10.72	10.87	10.98	915.9206714
26/06/2008 18:35	9.20	9.10	9.28	9.35	9.30	10.62	10.49	10.71	10.85	10.96	915.9233378
26/06/2008 18:40	9.18	9.08	9.26	9.31	9.26	10.61	10.48	10.69	10.83	10.95	915.9260043
26/06/2008 18:45	9.16	9.07	9.24	9.30	9.24	10.60	10.47	10.68	10.82	10.93	915.9286707
26/06/2008 18:50	9.17	9.07	9.24	9.31	9.25	10.60	10.46	10.68	10.84	10.92	915.9326704
26/06/2008 18:55	9.20	9.08	9.25	9.35	9.26	10.60	10.46	10.68	10.85	10.92	915.9340036
26/06/2008 19:00	9.22	9.10	9.26	9.38	9.28	10.60	10.46	10.68	10.86	10.93	915.9286707
26/06/2008 19:05	9.24	9.12	9.28	9.39	9.29	10.60	10.46	10.68	10.87	10.94	915.9113388
26/06/2008 19:10	9.24	9.13	9.29	9.38	9.30	10.61	10.45	10.67	10.85	10.95	915.8793414
26/06/2008 19:15	9.24	9.12	9.28	9.36	9.30	10.60	10.45	10.66	10.82	10.95	915.8300122
26/06/2008 19:20	9.21	9.12	9.28	9.34	9.30	10.60	10.44	10.66	10.81	10.94	915.7686839
26/06/2008 19:25	9.21	9.11	9.27	9.33	9.28	10.59	10.44	10.65	10.80	10.93	915.7020227
26/06/2008 19:30	9.20	9.11	9.26	9.33	9.27	10.58	10.43	10.65	10.79	10.91	915.638028
26/06/2008 19:35	9.21	9.10	9.26	9.33	9.26	10.58	10.43	10.64	10.77	10.89	915.5766997
26/06/2008 19:40	9.21	9.10	9.26	9.33	9.26	10.57	10.43	10.63	10.78	10.87	915.5207043
26/06/2008 19:45	9.23	9.10	9.26	9.35	9.26	10.57	10.43	10.63	10.78	10.86	915.4687086
26/06/2008 19:50	9.24	9.11	9.27	9.36	9.27	10.57	10.43	10.63	10.78	10.85	915.4220457
26/06/2008 19:55	9.24	9.11	9.27	9.36	9.29	10.57	10.43	10.62	10.77	10.85	915.3807158
26/06/2008 20:00	9.23	9.11	9.28	9.36	9.28	10.57	10.43	10.62	10.76	10.84	915.3447188
26/06/2008 20:05	9.22	9.11	9.28	9.36	9.27	10.57	10.42	10.61	10.75	10.84	915.3140546
26/06/2008 20:10	9.22	9.11	9.28	9.36	9.26	10.56	10.42	10.61	10.74	10.83	915.2847237
26/06/2008 20:15	9.23	9.10	9.27	9.36	9.27	10.56	10.41	10.60	10.74	10.82	915.2500599
26/06/2008 20:20	9.23	9.10	9.27	9.35	9.28	10.55	10.40	10.60	10.73	10.81	915.2087299
26/06/2008 20:25	9.22	9.10	9.26	9.34	9.28	10.55	10.39	10.59	10.72	10.81	915.1620671
26/06/2008 20:30	9.21	9.10	9.26	9.33	9.28	10.54	10.38	10.59	10.71	10.80	915.1127378
26/06/2008 20:35	9.21	9.09	9.25	9.32	9.26	10.53	10.38	10.58	10.70	10.79	915.0674082
26/06/2008 20:40	9.20	9.07	9.24	9.30	9.25	10.52	10.37	10.57	10.69	10.77	915.0314112
26/06/2008 20:45	9.19	9.06	9.23	9.28	9.22	10.51	10.36	10.56	10.67	10.75	915.0060799
26/06/2008 20:50	9.19	9.05	9.22	9.26	9.21	10.51	10.34	10.55	10.66	10.73	914.9967474
26/06/2008 20:55	9.18	9.04	9.21	9.25	9.20	10.50	10.33	10.54	10.64	10.71	915.000747
26/06/2008 21:00	9.18	9.03	9.20	9.23	9.18	10.49	10.32	10.53	10.63	10.69	915.0154125
26/06/2008 21:05	9.17	9.02	9.19	9.21	9.15	10.48	10.30	10.51	10.61	10.68	915.0354109
26/06/2008 21:10	9.18	9.01	9.18	9.19	9.14	10.47	10.29	10.50	10.60	10.66	915.0567424
26/06/2008 21:15	9.18	9.00	9.17	9.18	9.13	10.45	10.27	10.49	10.59	10.65	915.0767408
26/06/2008 21:20	9.17	8.99	9.16	9.16	9.11	10.45	10.26	10.48	10.58	10.63	915.0980724
26/06/2008 21:25	9.16	8.98	9.15	9.14	9.10	10.44	10.25	10.46	10.56	10.61	915.1220704
26/06/2008 21:30	9.16	8.97	9.14	9.13	9.08	10.43	10.23	10.45	10.54	10.60	915.1540678
26/06/2008 21:35	9.15	8.97	9.13	9.12	9.07	10.42	10.22	10.44	10.53	10.59	915.1940645
26/06/2008 21:40	9.16	8.97	9.13	9.12	9.06	10.41	10.20	10.42	10.51	10.57	915.2340612
26/06/2008 21:45	9.16	8.96	9.12	9.11	9.06	10.40	10.19	10.41	10.49	10.55	915.2713914
26/06/2008 21:50	9.16	8.96	9.12	9.11	9.07	10.39	10.18	10.39	10.48	10.53	915.2980559
26/06/2008 21:55	9.16	8.96	9.12	9.10	9.07	10.38	10.16	10.38	10.46	10.52	915.3180543
26/06/2008 22:00	9.16	8.96	9.12	9.10	9.07	10.37	10.15	10.36	10.45	10.50	915.3367194
26/06/2008 22:05	9.16	8.96	9.12	9.10	9.07	10.36	10.13	10.35	10.43	10.48	915.3553845
26/06/2008 22:10	9.17	8.96	9.12	9.11	9.07	10.36	10.12	10.33	10.42	10.46	915.3793826
26/06/2008 22:15	9.17	8.97	9.12	9.11	9.07	10.35	10.11	10.32	10.40	10.45	915.4047138
26/06/2008 22:20	9.17	8.97	9.12	9.11	9.07	10.34	10.10	10.31	10.40	10.44	915.4327115
26/06/2008 22:25	9.17	8.97	9.12	9.11	9.06	10.33	10.09	10.30	10.39	10.43	915.4607092
26/06/2008 22:30	9.17	8.97	9.13	9.11	9.05	10.32	10.08	10.29	10.37	10.42	915.4847072
26/06/2008 22:35	9.18	8.97	9.13	9.12	9.06	10.32	10.07	10.28	10.36	10.41	915.5033724
26/06/2008 22:40	9.18	8.97	9.13	9.12	9.06	10.31	10.07	10.27	10.35	10.40	915.5100385
26/06/2008 22:45	9.18	8.97	9.13	9.12	9.06	10.30	10.06	10.26	10.34	10.38	915.507372
26/06/2008 22:50	9.17	8.97	9.13	9.12	9.06	10.30	10.05	10.25	10.33	10.37	915.4927066
26/06/2008 22:55	9.18	8.97	9.13	9.12	9.06	10.29	10.05	10.24	10.32	10.36	915.471375
26/06/2008 23:00	9.18	8.97	9.14	9.12	9.08	10.28	10.04	10.23	10.31	10.35	915.4487102
26/06/2008 23:05	9.19	8.97	9.14	9.12	9.07	10.28	10.03	10.22	10.30	10.34	915.4300451
26/06/2008 23:10	9.19	8.98	9.14	9.12	9.06	10.27	10.03	10.21	10.30	10.33	915.4180461
26/06/2008 23:15	9.19	8.98	9.14	9.12	9.07	10.26	10.02	10.21	10.29	10.32	915.4113799
26/06/2008 23:20	9.18	8.98	9.14	9.12	9.08	10.25	10.02	10.20	10.28	10.32	915.4073803
26/06/2008 23:25	9.18	8.98	9.14	9.12	9.09	10.24	10.01	10.20	10.28	10.31	915.4007141
26/06/2008 23:30	9.18	8.98	9.14	9.13	9.08	10.23	10.01	10.19	10.27	10.31	915.3873819
26/06/2008 23:35	9.18	8.98	9.14	9.13	9.08	10.22	10.00	10.19	10.27	10.31	915.3673836
26/06/2008 23:40	9.18	8.98	9.14	9.13	9.08	10.22	10.00	10.18	10.26	10.30	915.3433855
26/06/2008 23:45	9.19	8.98	9.14	9.13	9.07	10.21	9.99	10.18	10.26	10.30	915.3153878
26/06/2008 23:50	9.19	8.98	9.14	9.13	9.07	10.20	9.99	10.17	10.25	10.29	915.2873901
26/06/2008 23:55	9.20	8.98	9.14	9.13	9.07	10.20	9.98	10.16	10.25	10.28	915.2607257
27/06/2008 00:00	9.20	8.99	9.15	9.13	9.07	10.19	9.97	10.16	10.23	10.27	915.2380609
27/06/2008 00:05	9.20	8.99	9.15	9.13	9.08	10.17	9.97	10.15	10.23	10.26	915.2207289
27/06/2008 00:10	9.20	8.99	9.15	9.13	9.08	10.16	9.96	10.14	10.22	10.25	915.2113964
27/06/2008 00:15	9.20	8.99	9.15	9.13	9.09	10.15	9.95	10.14	10.22	10.25	915.2047303
27/06/2008 00:20	9.20	8.99	9.15	9.13	9.09	10.15	9.95	10.13	10.22	10.24	915.2007306
27/06/2008 00:25	9.21	8.99	9.15	9.14	9.10	10.14	9.94	10.13	10.21	10.23	915.1927313
27/06/2008 00:30	9.21	8.99	9.15	9.14	9.10	10.13	9.93	10.12	10.21	10.23	915.1780658
27/06/2008 00:35	9.21	8.99	9.15	9.14	9.10	10.12	9.93	10.12	10.20	10.23	915.1594007
27/06/2008 00:40	9.21	8.99	9.15	9.14	9.09	10.11	9.93	10.11	10.19	10.22	915.1367359
27/06/2008 00:45	9.20	8.99	9.16	9.14	9.10	10.10	9.92	10.10	10.19	10.22	915.1180707
27/06/2008 00:50	9.20	8.99	9.16	9.14	9.11	10.10	9.91	10.10	10.18	10.21	915.1047385
27/06/2008 00:55	9.21	8.99	9.16	9.15	9.11	10.09	9.91	10.09	10.18	10.21	915.0967391
27/06/2008 01:00	9.22	9.00	9.16	9.15	9.10	10.08	9.90	10.09	10.17	10.20	915.0940727
27/06/2008 01:05	9.22	9.00	9.17	9.15	9.09	10.08	9.90	10.08	10.16	10.20	915.0954059
27/06/2008 01:10	9.22	9.00	9.16	9.15	9.09	10.07	9.89	10.07	10.15	10.19	915.1007388
27/06/2008 01:15	9.23	9.00	9.17	9.15	9.10	10.06	9.88	10.07	10.15	10.18	915.1100714
27/06/2008 01:20	9.23	9.00	9.17	9.15	9.09	10.06	9.87	10.06	10.14	10.18	915.1260701
27/06/2008 01:25	9.23	9.01	9.17	9.16	9.10	10.05	9.86	10.05	10.13	10.17	915.1474016
27/06/2008 01:30	9.22	9.01	9.17	9.16	9.10	10.04	9.86	10.05	10.13	10.16	915.1674
27/06/2008 01:35	9.22	9.01	9.17	9.16	9.10	10.04	9.85	10.04	10.13	10.15	915.1860651
27/06/2008 01:40	9.23	9.01	9.17	9.16	9.11	10.03	9.85	10.04	10.12	10.15	915.1967309
27/06/2008 01:45	9.23	9.01	9.17	9.16	9.12	10.03	9.84	10.03	10.12	10.15	915.2047303
27/06/2008 01:50	9.23	9.01	9.18	9.16	9.13	10.02	9.83	10.03	10.11	10.14	915.2100632
27/06/2008 01:55	9.23	9.01	9.18	9.17	9.13	10.02	9.83	10.02	10.10	10.14	915.2207289
27/06/2008 02:00	9.23	9.01	9.18	9.17	9.12	10.01	9.82	10.01	10.09	10.13	915.2367276
27/06/2008 02:05	9.22	9.02	9.18	9.17	9.11	10.01	9.82	10.01	10.08	10.12	915.256726
27/06/2008 02:10	9.23	9.02	9.19	9.17	9.11	10.00	9.81	10.00	10.07	10.11	915.2727247
27/06/2008 02:15	9.23	9.02	9.19	9.18	9.12	9.99	9.81	9.99	10.07	10.10	915.2793908
27/06/2008 02:20	9.23	9.02	9.19	9.18	9.13	9.99	9.80	9.99	10.07	10.10	915.2700582
27/06/2008 02:25	9.24	9.02	9.19	9.18	9.12	9.99	9.79	9.98	10.06	10.09	915.2460602
27/06/2008 02:30	9.24	9.03	9.19	9.18	9.11	9.98	9.79	9.97	10.05	10.08	915.2167293
27/06/2008 02:35	9.25	9.03	9.19	9.18	9.10	9.97	9.78	9.97	10.04	10.07	915.1940645
27/06/2008 02:40	9.24	9.03	9.19	9.18	9.11	9.96	9.77	9.96	10.03	10.06	915.1940645
27/06/2008 02:45	9.24	9.03	9.20	9.18	9.11	9.96	9.77	9.95	10.02	10.05	915.2180625
27/06/2008 02:50	9.24	9.03	9.20	9.19	9.13	9.95	9.76	9.95	10.02	10.05	915.2620589
27/06/2008 02:55	9.24	9.03	9.20	9.19	9.14	9.95	9.76	9.94	10.01	10.04	915.3127214
27/06/2008 03:00	9.24	9.03	9.20	9.19	9.14	9.94	9.75	9.94	10.01	10.03	915.3540513
27/06/2008 03:05	9.23	9.03	9.20	9.19	9.14	9.94	9.74	9.93	10.01	10.03	915.3807158
27/06/2008 03:10	9.23	9.04	9.20	9.19	9.13	9.94	9.74	9.93	10.01	10.03	915.3900484
27/06/2008 03:15	9.23	9.04	9.20	9.19	9.13	9.94	9.73	9.92	10.00	10.03	915.394048
27/06/2008 03:20	9.24	9.04	9.20	9.19	9.13	9.93	9.73	9.92	10.00	10.02	915.3980477
27/06/2008 03:25	9.24	9.04	9.21	9.19	9.13	9.93	9.73	9.91	9.99	10.02	915.4087135
27/06/2008 03:30	9.24	9.04	9.21	9.19	9.13	9.93	9.73	9.91	9.99	10.02	915.4193793
27/06/2008 03:35	9.24	9.04	9.21	9.19	9.14	9.93	9.72	9.90	9.98	10.01	915.4287118
27/06/2008 03:40	9.25	9.04	9.20	9.20	9.14	9.92	9.71	9.90	9.97	10.00	915.4313783
27/06/2008 03:45	9.25	9.04	9.20	9.20	9.14	9.92	9.71	9.89	9.97	10.00	915.4340447
27/06/2008 03:50	9.25	9.04	9.20	9.20	9.13	9.91	9.70	9.88	9.96	9.99	915.4393776
27/06/2008 03:55	9.25	9.04	9.21	9.20	9.15	9.91	9.70	9.88	9.95	9.98	915.4513766
27/06/2008 04:00	9.24	9.04	9.21	9.21	9.15	9.91	9.70	9.87	9.95	9.98	915.4727082
27/06/2008 04:05	9.24	9.04	9.21	9.20	9.15	9.91	9.70	9.87	9.94	9.97	915.4980395
27/06/2008 04:10	9.24	9.04	9.22	9.21	9.15	9.90	9.69	9.87	9.94	9.97	915.5300368
27/06/2008 04:15	9.25	9.04	9.22	9.21	9.14	9.90	9.69	9.86	9.93	9.96	915.5647007
27/06/2008 04:20	9.24	9.04	9.22	9.21	9.13	9.90	9.68	9.86	9.93	9.95	915.6020309
27/06/2008 04:25	9.25	9.04	9.22	9.21	9.12	9.89	9.68	9.85	9.92	9.94	915.6393612
27/06/2008 04:30	9.25	9.04	9.22	9.21	9.12	9.89	9.67	9.85	9.92	9.94	915.674025
27/06/2008 04:35	9.25	9.04	9.22	9.21	9.13	9.88	9.67	9.84	9.91	9.93	915.7060224
27/06/2008 04:40	9.26	9.05	9.22	9.21	9.14	9.88	9.67	9.84	9.91	9.93	915.7366865
27/06/2008 04:45	9.26	9.04	9.22	9.21	9.15	9.88	9.67	9.84	9.91	9.93	915.7700171
27/06/2008 04:50	9.27	9.05	9.22	9.21	9.15	9.87	9.66	9.83	9.91	9.93	915.8100138
27/06/2008 04:55	9.26	9.05	9.22	9.21	9.15	9.87	9.66	9.83	9.91	9.93	915.8566766
27/06/2008 05:00	9.25	9.05	9.22	9.21	9.15	9.86	9.66	9.83	9.91	9.93	915.9073391
27/06/2008 05:05	9.25	9.05	9.22	9.21	9.16	9.86	9.66	9.83	9.90	9.92	915.9593349
27/06/2008 05:10	9.25	9.05	9.23	9.21	9.16	9.85	9.66	9.83	9.90	9.92	916.0086641
27/06/2008 05:15	9.26	9.05	9.23	9.21	9.17	9.85	9.66	9.82	9.90	9.92	916.0526605
27/06/2008 05:20	9.27	9.05	9.23	9.22	9.17	9.84	9.66	9.82	9.89	9.91	916.0899908
27/06/2008 05:25	9.27	9.05	9.23	9.22	9.17	9.84	9.65	9.82	9.89	9.91	916.1219882
27/06/2008 05:30	9.27	9.05	9.23	9.23	9.17	9.84	9.65	9.82	9.89	9.91	916.1526523
27/06/2008 05:35	9.27	9.05	9.23	9.23	9.18	9.83	9.65	9.82	9.89	9.90	916.1846497
27/06/2008 05:40	9.27	9.06	9.23	9.23	9.18	9.83	9.65	9.81	9.89	9.90	916.2193135
27/06/2008 05:45	9.27	9.06	9.24	9.24	9.19	9.82	9.64	9.81	9.89	9.90	916.2553105
27/06/2008 05:50	9.27	9.06	9.24	9.24	9.18	9.82	9.64	9.81	9.88	9.90	916.2899743
27/06/2008 05:55	9.27	9.06	9.24	9.25	9.19	9.82	9.64	9.81	9.88	9.90	916.3219717
27/06/2008 06:00	9.27	9.07	9.24	9.25	9.20	9.82	9.63	9.81	9.89	9.90	916.3526359
27/06/2008 06:05	9.27	9.08	9.25	9.26	9.20	9.81	9.63	9.81	9.89	9.90	916.3872997
27/06/2008 06:10	9.28	9.08	9.26	9.27	9.22	9.81	9.63	9.81	9.88	9.90	916.4286296
27/06/2008 06:15	9.28	9.09	9.26	9.28	9.22	9.81	9.63	9.80	9.88	9.90	916.4739592
27/06/2008 06:20	9.29	9.08	9.26	9.28	9.22	9.81	9.63	9.80	9.88	9.90	916.520622
27/06/2008 06:25	9.29	9.09	9.27	9.29	9.24	9.81	9.63	9.80	9.88	9.90	916.5659516
27/06/2008 06:30	9.29	9.08	9.27	9.29	9.26	9.81	9.63	9.80	9.88	9.90	916.6046151
27/06/2008 06:35	9.29	9.09	9.27	9.29	9.27	9.81	9.63	9.80	9.88	9.90	916.6379457
27/06/2008 06:40	9.29	9.09	9.27	9.29	9.25	9.80	9.63	9.80	9.88	9.90	916.6659434
27/06/2008 06:45	9.30	9.10	9.27	9.29	9.25	9.80	9.63	9.80	9.88	9.90	916.6912747
27/06/2008 06:50	9.30	9.10	9.28	9.30	9.25	9.80	9.63	9.79	9.88	9.90	916.7139395
27/06/2008 06:55	9.30	9.10	9.28	9.31	9.25	9.80	9.63	9.79	9.87	9.89	916.7299382
27/06/2008 07:00	9.29	9.10	9.29	9.32	9.26	9.80	9.63	9.79	9.88	9.90	916.7419372
27/06/2008 07:05	9.30	9.11	9.30	9.35	9.28	9.80	9.63	9.80	9.88	9.90	916.7472701
27/06/2008 07:10	9.32	9.13	9.31	9.37	9.30	9.80	9.63	9.80	9.89	9.90	916.7486033
27/06/2008 07:15	9.32	9.14	9.32	9.37	9.30	9.80	9.63	9.80	9.89	9.91	916.7486033
27/06/2008 07:20	9.33	9.14	9.33	9.38	9.31	9.80	9.63	9.80	9.89	9.91	916.7486033
27/06/2008 07:25	9.32	9.15	9.33	9.38	9.31	9.81	9.64	9.80	9.89	9.92	916.7472701
27/06/2008 07:30	9.33	9.15	9.34	9.39	9.32	9.81	9.64	9.80	9.90	9.92	916.7432704
27/06/2008 07:35	9.32	9.15	9.34	9.39	9.32	9.81	9.64	9.81	9.90	9.92	916.7339378
27/06/2008 07:40	9.32	9.15	9.34	9.39	9.33	9.80	9.64	9.81	9.90	9.92	916.7166059
27/06/2008 07:45	9.32	9.16	9.34	9.41	9.34	9.80	9.65	9.81	9.90	9.92	916.6952743
27/06/2008 07:50	9.33	9.17	9.35	9.44	9.36	9.80	9.65	9.81	9.91	9.93	916.6712763
27/06/2008 07:55	9.34	9.18	9.37	9.46	9.39	9.81	9.66	9.82	9.92	9.93	916.651278
27/06/2008 08:00	9.35	9.19	9.38	9.47	9.41	9.81	9.66	9.82	9.92	9.94	916.6419454
27/06/2008 08:05	9.35	9.20	9.39	9.48	9.43	9.82	9.67	9.83	9.93	9.95	916.6459451
27/06/2008 08:10	9.35	9.21	9.40	9.50	9.44	9.82	9.67	9.83	9.94	9.96	916.6646102
27/06/2008 08:15	9.36	9.22	9.42	9.53	9.46	9.82	9.68	9.84	9.95	9.98	916.6939411
27/06/2008 08:20	9.38	9.25	9.44	9.57	9.49	9.83	9.69	9.85	9.97	10.00	916.7286049
27/06/2008 08:25	9.39	9.27	9.46	9.60	9.51	9.83	9.70	9.86	9.99	10.01	916.7606023
27/06/2008 08:30	9.40	9.28	9.48	9.62	9.54	9.84	9.71	9.88	10.03	10.05	916.7806007
27/06/2008 08:35	9.41	9.30	9.50	9.64	9.55	9.85	9.73	9.89	10.07	10.08	916.7859336
27/06/2008 08:40	9.41	9.30	9.51	9.64	9.56	9.86	9.74	9.90	10.06	10.12	916.7792674
27/06/2008 08:45	9.41	9.31	9.51	9.63	9.55	9.86	9.75	9.91	10.06	10.14	916.7672684
27/06/2008 08:50	9.40	9.31	9.51	9.63	9.56	9.87	9.76	9.91	10.06	10.15	916.7552694
27/06/2008 08:55	9.40	9.31	9.51	9.62	9.55	9.87	9.77	9.92	10.05	10.15	916.7459368
27/06/2008 09:00	9.40	9.32	9.51	9.63	9.56	9.88	9.78	9.93	10.06	10.15	916.7379375
27/06/2008 09:05	9.40	9.32	9.52	9.65	9.57	9.88	9.79	9.94	10.07	10.16	916.7286049
27/06/2008 09:10	9.41	9.33	9.53	9.67	9.60	9.89	9.80	9.95	10.09	10.17	916.7166059
27/06/2008 09:15	9.41	9.33	9.55	9.68	9.61	9.90	9.82	9.97	10.14	10.20	916.7059401
27/06/2008 09:20	9.41	9.34	9.56	9.70	9.63	9.90	9.82	9.98	10.14	10.23	916.7006072
27/06/2008 09:25	9.41	9.35	9.57	9.72	9.64	9.91	9.84	10.01	10.19	10.30	916.7019405
27/06/2008 09:30	9.42	9.37	9.58	9.73	9.65	9.93	9.86	10.03	10.28	10.35	916.711273
27/06/2008 09:35	9.44	9.38	9.58	9.73	9.64	9.96	9.88	10.05	10.27	10.38	916.723272
27/06/2008 09:40	9.44	9.39	9.59	9.73	9.65	9.98	9.90	10.06	10.27	10.40	916.7352711
27/06/2008 09:45	9.44	9.40	9.60	9.74	9.65	9.98	9.92	10.08	10.27	10.44	916.7419372
27/06/2008 09:50	9.45	9.41	9.61	9.75	9.64	10.00	9.95	10.11	10.35	10.50	916.7459368
27/06/2008 09:55	9.46	9.41	9.61	9.75	9.63	10.02	9.98	10.13	10.41	10.53	916.7472701
27/06/2008 10:00	9.46	9.40	9.61	9.74	9.64	10.06	10.01	10.14	10.37	10.54	916.7486033
27/06/2008 10:05	9.44	9.40	9.61	9.74	9.65	10.07	10.04	10.15	10.35	10.55	916.7472701
27/06/2008 10:10	9.43	9.39	9.60	9.74	9.64	10.06	10.08	10.17	10.39	10.58	916.7419372
27/06/2008 10:15	9.42	9.39	9.60	9.74	9.63	10.06	10.10	10.19	10.42	10.58	916.7312714
27/06/2008 10:20	9.43	9.37	9.59	9.72	9.61	10.07	10.12	10.20	10.40	10.57	916.7139395
27/06/2008 10:25	9.42	9.37	9.58	9.72	9.62	10.07	10.14	10.22	10.40	10.57	916.6926079
27/06/2008 10:30	9.42	9.36	9.58	9.72	9.62	10.06	10.14	10.24	10.41	10.56	916.6739428
27/06/2008 10:35	9.42	9.36	9.58	9.73	9.64	10.06	10.14	10.27	10.42	10.57	916.6646102
27/06/2008 10:40	9.43	9.38	9.59	9.75	9.67	10.07	10.16	10.31	10.52	10.64	916.6726095
27/06/2008 10:45	9.44	9.41	9.61	9.77	9.69	10.09	10.19	10.37	10.66	10.74	916.6952743
27/06/2008 10:50	9.46	9.43	9.62	9.76	9.69	10.15	10.25	10.43	10.77	10.86	916.7272717
27/06/2008 10:55	9.46	9.44	9.61	9.74	9.67	10.21	10.31	10.47	10.81	10.94	916.7579359
27/06/2008 11:00	9.44	9.42	9.60	9.72	9.63	10.25	10.35	10.49	10.78	10.99	916.7792674
27/06/2008 11:05	9.41	9.39	9.58	9.71	9.60	10.25	10.37	10.49	10.75	11.01	916.7872668
27/06/2008 11:10	9.39	9.37	9.57	9.71	9.58	10.24	10.39	10.50	10.73	11.00	916.7806007
27/06/2008 11:15	9.39	9.36	9.57	9.72	9.59	10.22	10.39	10.51	10.73	10.98	916.7672684
27/06/2008 11:20	9.41	9.36	9.58	9.72	9.59	10.21	10.40	10.52	10.76	10.97	916.7512697
27/06/2008 11:25	9.41	9.36	9.58	9.71	9.60	10.21	10.38	10.55	10.77	10.95	916.7352711
27/06/2008 11:30	9.40	9.37	9.58	9.71	9.61	10.21	10.37	10.58	10.77	10.96	916.7206056
27/06/2008 11:35	9.40	9.38	9.58	9.71	9.61	10.22	10.41	10.62	10.85	11.02	916.7086066
27/06/2008 11:40	9.40	9.38	9.57	9.71	9.62	10.26	10.41	10.66	10.91	11.07	916.699274
27/06/2008 11:45	9.40	9.38	9.57	9.70	9.62	10.29	10.43	10.70	10.94	11.13	916.6926079
27/06/2008 11:50	9.40	9.39	9.58	9.71	9.63	10.30	10.49	10.74	11.01	11.24	916.6859418
27/06/2008 11:55	9.41	9.40	9.58	9.71	9.61	10.32	10.57	10.79	11.13	11.36	916.6792757
27/06/2008 12:00	9.41	9.40	9.59	9.72	9.61	10.35	10.63	10.86	11.25	11.49	916.6686099
27/06/2008 12:05	9.42	9.41	9.59	9.72	9.61	10.40	10.68	10.94	11.34	11.63	916.6566109
27/06/2008 12:10	9.43	9.40	9.59	9.71	9.59	10.44	10.79	11.01	11.43	11.77	916.6486115
27/06/2008 12:15	9.43	9.40	9.59	9.70	9.57	10.49	10.82	11.05	11.46	11.84	916.6432786
27/06/2008 12:20	9.42	9.39	9.58	9.69	9.55	10.54	10.85	11.13	11.44	11.88	916.6419454
27/06/2008 12:25	9.41	9.39	9.58	9.69	9.55	10.59	10.97	11.19	11.54	11.96	916.6419454
27/06/2008 12:30	9.41	9.39	9.57	9.69	9.55	10.64	11.04	11.27	11.67	12.05	916.6392789
27/06/2008 12:35	9.40	9.36	9.55	9.66	9.52	10.70	11.14	11.31	11.75	12.10	916.6312796
27/06/2008 12:40	9.38	9.32	9.51	9.61	9.47	10.74	11.08	11.34	11.70	12.09	916.6166141
27/06/2008 12:45	9.36	9.28	9.49	9.58	9.43	10.76	11.06	11.35	11.59	12.05	916.5966158
27/06/2008 12:50	9.34	9.28	9.47	9.57	9.43	10.73	11.08	11.39	11.61	12.04	916.5752842
27/06/2008 12:55	9.34	9.29	9.46	9.58	9.45	10.72	11.09	11.40	11.67	12.00	916.5566191
27/06/2008 13:00	9.34	9.29	9.47	9.59	9.46	10.73	11.12	11.42	11.73	12.01	916.5446201
27/06/2008 13:05	9.35	9.31	9.48	9.59	9.49	10.76	11.09	11.48	11.79	12.03	916.5366207
27/06/2008 13:10	9.35	9.32	9.49	9.59	9.50	10.79	11.19	11.54	11.87	12.15	916.5299546
27/06/2008 13:15	9.35	9.33	9.49	9.59	9.51	10.83	11.24	11.61	12.00	12.28	916.5219553
27/06/2008 13:20	9.35	9.33	9.49	9.59	9.50	10.89	11.31	11.69	12.09	12.42	916.5112895
27/06/2008 13:25	9.35	9.33	9.48	9.58	9.49	10.94	11.38	11.77	12.18	12.55	916.5006237
27/06/2008 13:30	9.34	9.30	9.45	9.55	9.44	11.00	11.47	11.83	12.28	12.68	916.4952908
27/06/2008 13:35	9.31	9.24	9.41	9.49	9.37	11.02	11.41	11.82	12.25	12.69	916.496624
27/06/2008 13:40	9.27	9.18	9.36	9.43	9.29	11.01	11.37	11.80	12.11	12.64	916.5046234
27/06/2008 13:45	9.24	9.14	9.33	9.40	9.27	10.98	11.34	11.76	12.02	12.56	916.5152891
27/06/2008 13:50	9.24	9.14	9.32	9.41	9.27	10.94	11.31	11.74	11.98	12.47	916.5259549
27/06/2008 13:55	9.25	9.17	9.33	9.44	9.30	10.91	11.32	11.74	12.00	12.43	916.5326211
27/06/2008 14:00	9.27	9.20	9.34	9.46	9.34	10.91	11.34	11.77	12.10	12.46	916.5392872
27/06/2008 14:05	9.29	9.21	9.34	9.45	9.34	10.96	11.39	11.76	12.20	12.51	916.5486197
27/06/2008 14:10	9.29	9.19	9.33	9.43	9.34	10.97	11.31	11.75	12.13	12.51	916.5632852
27/06/2008 14:15	9.28	9.17	9.32	9.41	9.31	11.00	11.26	11.74	12.03	12.49	916.5832836
27/06/2008 14:20	9.26	9.17	9.31	9.41	9.29	11.01	11.23	11.71	11.99	12.44	916.6046151
27/06/2008 14:25	9.25	9.18	9.31	9.42	9.29	10.99	11.19	11.71	11.96	12.38	916.6232803
27/06/2008 14:30	9.25	9.19	9.32	9.43	9.30	10.98	11.25	11.74	12.05	12.41	916.6352793
